update,epoch,batch_trajectories,decisions,tid_digest
1,0,32,457,9158049967b5
2,0,32,410,7977387131f4
3,0,32,407,d943df7ececc
4,0,32,411,99f4f8887468
5,0,32,395,8d9c4d9fc7b8
6,0,32,431,4699e24c39a2
7,0,32,409,b2a29151b2bf
8,0,32,436,6d19d05550e3
9,0,32,421,51c834c6964d
10,0,32,434,0dfc61897b10
11,0,32,414,1a57941e1d40
12,0,32,392,322a4b3472f8
13,0,32,419,7a58cc19fce3
14,0,32,442,f9f92a2fe4d8
15,0,9,101,543e6db67680
16,1,32,421,76c01d760f88
17,1,32,453,d82cfd08cd19
18,1,32,402,51f26cfbd7f5
19,1,32,403,e6269e7379f0
20,1,32,429,25ff8ac0d0d3
21,1,32,442,f07ee2b6a494
22,1,32,427,b207610c2fc0
23,1,32,402,beffd39aa71e
24,1,32,392,640924429445
25,1,32,409,276082b40c5d
26,1,32,400,adb3e924a15a
27,1,32,392,41af124b2811
28,1,32,453,f9ad56159c45
29,1,32,454,ddd4285e684e
30,1,9,100,4ee15fbb1609
31,2,32,403,1c3a7ec71f30
32,2,32,406,73b24e6412e1
33,2,32,406,ae73cb298ba5
34,2,32,451,71592173777e
35,2,32,430,35a9a465c7a0
36,2,32,404,5f023beedf6b
37,2,32,423,81d5ea0db0f9
38,2,32,463,effc69562976
39,2,32,426,8844af9e7073
40,2,32,401,af295c8be2cd
41,2,32,399,0c72e65b8428
42,2,32,393,c41f6d3d10fb
43,2,32,420,4bbf7470d4fa
44,2,32,432,1e6d7a4eacdb
45,2,9,122,703a6ff11e0e
46,3,32,407,db3b8a9993b7
47,3,32,438,f77d04501eca
48,3,32,404,484eaf2179b6
49,3,32,431,c189fb2dc006
50,3,32,441,7ce69d984782
51,3,32,411,954e3352ce18
52,3,32,418,d8521ee7c8a9
53,3,32,391,e801cb423d6f
54,3,32,390,a38da4f52b42
55,3,32,447,1c7d125284a3
56,3,32,458,5a925f0bc151
57,3,32,388,b500d03e9ac2
58,3,32,435,7e26728129d3
59,3,32,412,6229160f3d23
60,3,9,108,b0475ff694c8
61,4,32,436,408e1a45106a
62,4,32,412,ba4095688818
63,4,32,437,3a5468d5033d
64,4,32,403,78441c68a640
65,4,32,403,b8a0d72c779a
66,4,32,396,d15aba916fda
67,4,32,434,996a4440b36e
68,4,32,406,4e9d7062dcb0
69,4,32,378,863b1b410a3e
70,4,32,468,d9cc5e0ac611
71,4,32,414,a4f2594815d5
72,4,32,441,2305b949edb2
73,4,32,430,0b72319459ea
74,4,32,407,2d45ac4262ba
75,4,9,114,912876769273
76,5,32,422,754c59fab3cf
77,5,32,431,d46dfbe34447
78,5,32,396,f6e16f3120bb
79,5,32,407,b4afdee9a983
80,5,32,403,6e304f3b9323
81,5,32,443,54f3e8af0b32
82,5,32,402,6b3b753e4770
83,5,32,431,eaf47aceb164
84,5,32,400,edf2205b1193
85,5,32,445,3469581e9170
86,5,32,444,81d6a245b409
87,5,32,412,2c46dbb333ac
88,5,32,425,1480e91dcc73
89,5,32,400,a7511cd12aa1
90,5,9,118,2ca98641ac1b
91,6,32,405,1098f2673f3b
92,6,32,444,5a5c9fe81aa5
93,6,32,420,f66e40dd4ed9
94,6,32,443,1d5cde66d240
95,6,32,426,8a563addf183
96,6,32,431,e7191911cef9
97,6,32,394,af5317b1ef26
98,6,32,403,695c9e818a64
99,6,32,379,3f7a356e763c
100,6,32,409,1830277fead4
101,6,32,447,b4875e033ef3
102,6,32,411,d0686185b8d5
103,6,32,423,2a5273586c2c
104,6,32,441,9ad4134d528f
105,6,9,103,f841487faf1d
106,7,32,437,d28de562de13
107,7,32,401,2065e69d665d
108,7,32,447,491f66eee540
109,7,32,388,b0867968120b
110,7,32,450,1b69fb771048
111,7,32,404,4220a0461f7a
112,7,32,464,33fa6c35c0b1
113,7,32,393,80c6b2c8c18c
114,7,32,416,f3aa8d0fbb58
115,7,32,410,7a3e3dc69c02
116,7,32,447,c515836120ff
117,7,32,405,1f13a9b43573
118,7,32,393,a7db6b2a5732
119,7,32,400,b06eaceef33b
120,7,9,124,8fc418c3ae42
121,8,32,432,a3477337b23a
122,8,32,422,68760a05b3b7
123,8,32,408,d1d5f449cd2d
124,8,32,451,97f87d088afc
125,8,32,427,5d50ef6bd807
126,8,32,414,e99fa65dd468
127,8,32,425,5785daa927f4
128,8,32,391,96f38e4daa6b
129,8,32,432,d622c19de72f
130,8,32,398,366e9c5229ab
131,8,32,425,180056c520d9
132,8,32,413,b743f5ca82ca
133,8,32,430,291f172716b3
134,8,32,390,c6f550885854
135,8,9,121,1f6d17fd81e9
136,9,32,417,517bcc56b140
137,9,32,418,b8ae696f08a8
138,9,32,348,6134ff5b0e73
139,9,32,420,cbd28f6f9ebc
140,9,32,384,83c1d1668d6c
141,9,32,434,649ab766e634
142,9,32,446,ab1f36b44ad1
143,9,32,440,2d8b2f7c5ae9
144,9,32,420,4259ea60b6bf
145,9,32,414,700a419f2078
146,9,32,424,5dcecbd29a6e
147,9,32,403,f70e82011e1d
148,9,32,430,1a74c0cc497c
149,9,32,461,9c8c2ffe609f
150,9,9,120,c6657a3e1309
151,10,32,398,0e09026222b9
152,10,32,429,fcd34c1846fe
153,10,32,468,deb5cd676205
154,10,32,405,be3d03c067e5
155,10,32,408,5cef47f1dccb
156,10,32,432,aad63674e500
157,10,32,432,dd2e4374ede7
158,10,32,425,0c9ad773ff63
159,10,32,427,8c251823b7e0
160,10,32,429,2d2595101a31
161,10,32,383,92e611b0d61e
162,10,32,408,2f289f534401
163,10,32,416,52d4e1e55b84
164,10,32,435,fb039835b15b
165,10,9,84,e2c12df105b2
166,11,32,375,ac763a7f451f
167,11,32,452,eb1a68099b12
168,11,32,461,f8b2f60658af
169,11,32,447,256551a3f764
170,11,32,402,74fcd5558a5a
171,11,32,412,e8de73944379
172,11,32,434,ce715c18ada5
173,11,32,406,937c8b71bbda
174,11,32,396,4a9536c19155
175,11,32,398,defe0c6f4382
176,11,32,419,e6b8337fa249
177,11,32,430,1b68bf296b76
178,11,32,406,0715bada2cd7
179,11,32,413,b04d418bd904
180,11,9,128,dd5df16d07e1
181,12,32,391,c5c9fa9dca85
182,12,32,368,20a171f57971
183,12,32,467,8a9a8d30720d
184,12,32,399,946530ea3dec
185,12,32,454,191213eb02e9
186,12,32,435,4fc9651da6f0
187,12,32,446,a1b59b6609dd
188,12,32,417,54eecf1cc6cf
189,12,32,439,4066d5e0b5e7
190,12,32,395,27fdf3b47997
191,12,32,424,64bba8ded652
192,12,32,398,992202b37ea1
193,12,32,436,2bdc5dc0bb38
194,12,32,384,af19a5e6bcf4
195,12,9,126,3cd3fc27d3a2
196,13,32,447,dd0ee6d7c20c
197,13,32,411,c18c1f4982dc
198,13,32,454,38ae79da4a80
199,13,32,390,3f116a522c0f
200,13,32,453,c07df5edb528
201,13,32,408,35122df443e7
202,13,32,398,ab4de400ab37
203,13,32,407,1dc3f6423b13
204,13,32,430,c95a2f4ec5b9
205,13,32,415,6bc96dabb1b9
206,13,32,406,4c1519372716
207,13,32,402,cea2de65779b
208,13,32,428,918eb5d51bd4
209,13,32,431,b440d9e4390a
210,13,9,99,a374eef24839
211,14,32,417,1b0afab50ff2
212,14,32,451,2807108c5f30
213,14,32,405,f3abc3e55828
214,14,32,424,84c293c020fe
215,14,32,395,32a3ff1199cb
216,14,32,374,f7bcd04ed024
217,14,32,434,971d05f00473
218,14,32,423,cc76860b4bd8
219,14,32,408,360e1935fcc4
220,14,32,417,32d6fc03281d
221,14,32,386,cea72eb7950a
222,14,32,419,e4288efaa794
223,14,32,459,991d5b7360ad
224,14,32,438,97b5dc84755c
225,14,9,129,44844db8129f
226,15,32,420,1f7f68f4da54
227,15,32,412,55bc9f571447
228,15,32,377,32e1de5bd503
229,15,32,410,5c71fa6b3142
230,15,32,436,b77966ec58e3
231,15,32,431,a0cb9a283b91
232,15,32,401,d55e8840558d
233,15,32,433,935118e290a4
234,15,32,438,af573339cd4c
235,15,32,432,5938a5a00c42
236,15,32,424,a02a88f1b3ab
237,15,32,423,4bcd7fc7e470
238,15,32,429,29ff431c8eba
239,15,32,421,2b2c3b466a9c
240,15,9,92,39b8da1d9557
241,16,32,392,7bac68652821
242,16,32,362,98eb16aebe27
243,16,32,441,55447228aa17
244,16,32,456,fb7b0b1f8950
245,16,32,439,a1c211c6f660
246,16,32,451,1d4128fdc921
247,16,32,434,7e531685be62
248,16,32,420,3986a5213ec1
249,16,32,414,24493284163e
250,16,32,405,865324674134
251,16,32,391,6e4cc97faa3e
252,16,32,412,23e53587453e
253,16,32,404,c6576a2ebef3
254,16,32,442,29627cc33375
255,16,9,116,7dc8faa5d24a
256,17,32,398,825934da5341
257,17,32,433,bef8c242babe
258,17,32,450,849c1af5219f
259,17,32,443,af8fa650b7bc
260,17,32,417,86201c590672
261,17,32,407,c9f174b55b6b
262,17,32,395,49ccbd11a67d
263,17,32,431,c6cda07166bc
264,17,32,431,ca2adfaa91d4
265,17,32,418,7876558a4b43
266,17,32,416,20d28434f7d7
267,17,32,395,48f68396636b
268,17,32,411,2161044b0c8c
269,17,32,422,de9c40a8e852
270,17,9,112,277e82c3bd4a
271,18,32,399,c56596ac19a1
272,18,32,462,a6ee9142d984
273,18,32,456,63cedff43e69
274,18,32,412,a583b606893a
275,18,32,412,a575b447bed9
276,18,32,407,6285610beb6d
277,18,32,447,e51d7bb58f8c
278,18,32,428,c644ee6afcba
279,18,32,430,c149d8294911
280,18,32,403,798d0b56a13b
281,18,32,407,8c596d9d4572
282,18,32,445,53044245ae6f
283,18,32,388,976968378c6f
284,18,32,376,fdf0ad751b69
285,18,9,107,47a965cc1773
286,19,32,381,478d3bdc24b8
287,19,32,433,49ea3b6d9c29
288,19,32,441,9ed2341dec7b
289,19,32,423,750133fc4ad3
290,19,32,412,e91cd8e4ee42
291,19,32,415,d775e87db761
292,19,32,399,daba5133dee0
293,19,32,382,dff15ceecc3b
294,19,32,448,b3b2bb993da7
295,19,32,435,b2be5358edde
296,19,32,442,7a82a2cc742c
297,19,32,399,b243c41dc495
298,19,32,408,a6fac48a5e47
299,19,32,441,2fb80289e807
300,19,9,120,26d5cab4ffa1
301,20,32,383,3b05ffae47e8
302,20,32,424,77e050697680
303,20,32,425,3a894bee9efc
304,20,32,413,7940bf66b750
305,20,32,413,6a2360608056
306,20,32,395,d16ae8efb353
307,20,32,383,f6bc3af99cdc
308,20,32,446,ed91e44b0318
309,20,32,389,73dc6c13e28b
310,20,32,441,7c7ba31b8f4d
311,20,32,479,5b80a091395d
312,20,32,467,7914d6fe3b99
313,20,32,358,714f97e6b820
314,20,32,429,8b2a5ad86432
315,20,9,134,e4863aa261f8
316,21,32,405,4ba8ba3ae268
317,21,32,443,0498489bb296
318,21,32,439,b57d213d6955
319,21,32,452,082fe7bf659e
320,21,32,398,668164c6a2c1
321,21,32,437,776b6872e0c1
322,21,32,408,e98f9ec6d8de
323,21,32,422,81ef06fd4014
324,21,32,409,234d074e7b73
325,21,32,400,36871849fb5c
326,21,32,419,18868c9dc6ce
327,21,32,443,67aa57a1fb7b
328,21,32,431,14de205afd40
329,21,32,372,ec0e5f1d862b
330,21,9,101,07adb51dc9bf
331,22,32,405,eefbc0796d91
332,22,32,432,a1caa44ed470
333,22,32,409,371204496e1a
334,22,32,433,722b835adf2c
335,22,32,436,71dcbeaedb3c
336,22,32,418,577647114eff
337,22,32,420,8a0fa4473fea
338,22,32,425,195bf840bb80
339,22,32,424,b8606b5faf97
340,22,32,400,fac7c17e0df4
341,22,32,448,1e96f434d162
342,22,32,375,f63777418758
343,22,32,399,395bf1b18241
344,22,32,438,6f316d8d9ab7
345,22,9,117,30c0555cd255
346,23,32,398,78711460dc34
347,23,32,401,36d9e9a29eab
348,23,32,454,ed0ca159944f
349,23,32,427,97be9293d805
350,23,32,418,8f62a898c984
351,23,32,467,57ed88056cf2
352,23,32,413,405518a8d003
353,23,32,397,59985cb4f87d
354,23,32,404,b4f4eb21610e
355,23,32,430,681fc1e9e671
356,23,32,413,91c54a020fce
357,23,32,375,d3f46391a4d8
358,23,32,415,4dd8a293c87a
359,23,32,431,ad7d336429d3
360,23,9,136,7afbfeeec2d3
361,24,32,394,66e75300b562
362,24,32,394,da27db388fa3
363,24,32,444,909dd1620051
364,24,32,432,1745cfe9ad1e
365,24,32,409,d30492899421
366,24,32,487,b73a9015868b
367,24,32,437,1e7c0973ca4b
368,24,32,419,b6a78c8b1db3
369,24,32,426,2c381aaa7cc6
370,24,32,388,d55993ff1384
371,24,32,405,55abe6670965
372,24,32,391,323a915bf198
373,24,32,397,64680a408fe6
374,24,32,464,118b4a65aa52
375,24,9,92,8c0dba5d1763
376,25,32,430,3b3850e096f7
377,25,32,420,c64b185316f9
378,25,32,407,8b2e07c4fc89
379,25,32,418,d16153760e86
380,25,32,418,5bea37986133
381,25,32,401,c8c43f3bcac7
382,25,32,439,7e343cfb2202
383,25,32,459,2b1d20bf5e46
384,25,32,424,28d9eb95dcce
385,25,32,407,d9ac9145ab64
386,25,32,424,56e6b628ca08
387,25,32,368,7685d3f660dc
388,25,32,411,15526b319dd8
389,25,32,433,fbbf76817554
390,25,9,120,4dd02eab3c7d
391,26,32,408,f19599af3c93
392,26,32,394,12470fa60434
393,26,32,423,46a40e2ff97b
394,26,32,396,9901d79f7d76
395,26,32,442,fd4632a1a757
396,26,32,389,c5fee86b13ac
397,26,32,420,a2f4fe252031
398,26,32,490,3cab8a02b5d2
399,26,32,439,f6e0b6278876
400,26,32,406,72c5f24ed28b
401,26,32,422,d1649a5889f6
402,26,32,411,f3ee9d9d73ba
403,26,32,404,5e3856f03982
404,26,32,426,370a9d533afb
405,26,9,109,10a8d46c0a79
406,27,32,471,97d18f637346
407,27,32,439,f17f2b7bce4f
408,27,32,361,119b471bdc01
409,27,32,408,894ba5e5e825
410,27,32,433,61f0111aa3b1
411,27,32,426,540cfaa472ff
412,27,32,423,c405ca7741ab
413,27,32,401,3c099b5601b0
414,27,32,425,9e7554a61cd3
415,27,32,410,d74c4e8d35b5
416,27,32,440,180cb42612a6
417,27,32,414,c7fac4e2b73e
418,27,32,428,a9c79f8400e7
419,27,32,391,5a132e90df5d
420,27,9,109,bc70bf2e03a5
421,28,32,412,362c89773142
422,28,32,454,fbbfa3f51d41
423,28,32,416,74ee11da01b6
424,28,32,421,7ddd576d87c2
425,28,32,424,9bad3e0749ca
426,28,32,463,63254dcb7c3a
427,28,32,455,8dcf350ea17d
428,28,32,388,a90e17e180d7
429,28,32,444,d9a5858a7fb0
430,28,32,421,2793dfe19c28
431,28,32,390,1ba8142c270a
432,28,32,384,7ee64fd2f275
433,28,32,387,9be1540cf628
434,28,32,415,7c7d95d07601
435,28,9,105,9e81ab6de750
436,29,32,434,9c1149b5baa9
437,29,32,429,9df4f9c2b7e5
438,29,32,405,4f3bdf1781bb
439,29,32,411,4be2368e2e1d
440,29,32,413,455ece8cf59e
441,29,32,418,0a16ce000a10
442,29,32,399,1e8109f6edfe
443,29,32,432,7c79ef14793c
444,29,32,405,8d69409f0b18
445,29,32,477,9e34925ebd38
446,29,32,358,d122984717ad
447,29,32,431,d312ed3c2108
448,29,32,448,7ef565a51641
449,29,32,393,c7f4c5f29b0f
450,29,9,126,6f60262d7ac6
451,30,32,446,3d28f93ab2fc
452,30,32,416,1d56723eceed
453,30,32,421,35752d39e690
454,30,32,384,2205d43d3cac
455,30,32,409,1904ada91560
456,30,32,458,ce3885f451b9
457,30,32,406,8c84cf8af95f
458,30,32,413,12a4f93d518d
459,30,32,422,afbabc1ba855
460,30,32,426,4ef6bebb2d18
461,30,32,438,57173b8b0365
462,30,32,388,5201fa49b3cf
463,30,32,434,ef69f6fe79a0
464,30,32,400,a39425ab730c
465,30,9,118,ced252bacfce
466,31,32,393,2f075ca4e6b7
467,31,32,430,f2517e5b97ce
468,31,32,431,792d0ce0bc2b
469,31,32,428,eac68ea85b1d
470,31,32,415,01caaee96bfc
471,31,32,421,e7d1baaf7f0e
472,31,32,422,22abaf40b73c
473,31,32,389,f825912520fb
474,31,32,430,19a7c57d9211
475,31,32,371,f823088cc1ed
476,31,32,433,727f94e5dee5
477,31,32,427,b4d3dffb80e3
478,31,32,420,e5d65dfd813a
479,31,32,447,1d10169a5c93
480,31,9,122,fb4135c06574
481,32,32,434,d9940287eaa2
482,32,32,416,70c5d727ef1d
483,32,32,439,77b245b65c3d
484,32,32,390,996f911229d3
485,32,32,394,b91e999266b2
486,32,32,425,1b56d6c46ecf
487,32,32,458,76b32f8fd305
488,32,32,396,1dd3e5ff8b5d
489,32,32,437,acbdcd2b51d3
490,32,32,440,24cacf770d4d
491,32,32,432,1c033f770517
492,32,32,402,23381b1d3368
493,32,32,415,e024d01b01db
494,32,32,392,f31d9d1eb757
495,32,9,109,f3b276f729cc
496,33,32,431,c9dfcde8a476
497,33,32,413,2c06afe8d673
498,33,32,407,a34184f39a1e
499,33,32,371,5a090e1f0c00
500,33,32,424,ad00d1c562b3
501,33,32,407,7d45fbf77ae6
502,33,32,472,f0b55c774523
503,33,32,457,563f31f2512f
504,33,32,435,80c8f80b198b
505,33,32,395,b3c5fa2dea72
506,33,32,417,92db3131b8e9
507,33,32,453,cc73e98149e8
508,33,32,373,4ee44612a4a7
509,33,32,425,f0814e7c5220
510,33,9,99,e530b7e40545
511,34,32,390,ca773b696cf8
512,34,32,410,32270fd40420
513,34,32,413,ad96d8921079
514,34,32,443,580b3b8d6bca
515,34,32,421,a2cf7b179927
516,34,32,430,543f79a02ffa
517,34,32,432,8aec144cd2e3
518,34,32,384,ee18a8d8f0df
519,34,32,434,61635f627b6e
520,34,32,442,d5eb246c989b
521,34,32,384,d7a6b21c8855
522,34,32,451,9ae81d11585f
523,34,32,424,2f551acf8b41
524,34,32,400,bcd018830516
525,34,9,121,ef5a8cad452e
526,35,32,449,2ff651a7a176
527,35,32,402,7eeffbed96f3
528,35,32,413,d50f5028f9d5
529,35,32,456,c01b722410b8
530,35,32,452,9baf1750442f
531,35,32,403,5be34dc21686
532,35,32,374,6b0fcd811940
533,35,32,407,d1e33038c54c
534,35,32,463,277d461a3f99
535,35,32,407,c2f30caaede4
536,35,32,416,f8f1259e13b5
537,35,32,399,6de0aa582cdb
538,35,32,429,b44ac7ace3c8
539,35,32,394,71edf936a20e
540,35,9,115,40117d18376c
541,36,32,404,bac604aa03fa
542,36,32,424,8b192498b463
543,36,32,456,07e5536b87a4
544,36,32,411,f8fc41ba5514
545,36,32,405,3befcd6d8591
546,36,32,428,c7498e5535dd
547,36,32,430,9530cda84813
548,36,32,409,d4177c8d4ffc
549,36,32,424,d7289b926e29
550,36,32,438,4e6af44d69db
551,36,32,424,c222c92646c2
552,36,32,395,df12e655e862
553,36,32,430,f1f45863511e
554,36,32,389,c3e295828679
555,36,9,112,6f44834ad78d
556,37,32,417,c389f6f770fa
557,37,32,408,805589509cd9
558,37,32,392,e5f6fd7035df
559,37,32,421,c01f70a650aa
560,37,32,415,5d83c923e055
561,37,32,443,e0803816cc86
562,37,32,407,2243e382f7aa
563,37,32,409,83f13e22d66b
564,37,32,406,97eaa6500b27
565,37,32,413,982fa8449dcc
566,37,32,408,1cd859b8503a
567,37,32,423,3150a9023e24
568,37,32,431,2356e146fd43
569,37,32,449,4999354d21ea
570,37,9,137,a232c33f8cff
571,38,32,404,dac45ed1eade
572,38,32,437,862d7f417f0a
573,38,32,415,6e2905dcabb0
574,38,32,415,d552201c225a
575,38,32,436,06f9eb427683
576,38,32,414,97b54623f994
577,38,32,395,c289c2731595
578,38,32,409,6a9f1c9e0326
579,38,32,404,d420b033279f
580,38,32,412,aa59343e3ae2
581,38,32,382,861f88a67b2c
582,38,32,427,a1b2a7c0c0a8
583,38,32,447,4f4b9581beee
584,38,32,458,2c7e6a7e3778
585,38,9,124,fde9325a86b9
586,39,32,403,777087b0a722
587,39,32,425,c3ae188ea4fb
588,39,32,437,60774131b1fb
589,39,32,423,04e2e06da09c
590,39,32,389,8db771d21176
591,39,32,386,4d5517414700
592,39,32,442,87d239298a1d
593,39,32,405,1c90d7330615
594,39,32,416,952f8e9cf9d7
595,39,32,454,c7d541113d42
596,39,32,406,48c5112d2726
597,39,32,444,ba6203460970
598,39,32,420,b79824b386f1
599,39,32,420,0c7390137059
600,39,9,109,4fac0f5dd6dc
601,40,32,420,49f77ec65d75
602,40,32,442,378b48764b5c
603,40,32,413,8dc4001e4a01
604,40,32,408,f2c67b4b79fe
605,40,32,412,56f634954918
606,40,32,455,eca82c4805ab
607,40,32,414,e9db8de0cd65
608,40,32,419,84ac62071d5d
609,40,32,412,3fee03f3bac3
610,40,32,408,976127050fce
611,40,32,402,857c68a80e18
612,40,32,416,dd894caa49aa
613,40,32,446,1a906a183dce
614,40,32,399,ab8df47f5e4b
615,40,9,113,c775332ebe07
616,41,32,398,c0060b41eb94
617,41,32,404,10a63fe2d183
618,41,32,419,862ea71441fd
619,41,32,398,855a706e329b
620,41,32,418,7d9403f7131f
621,41,32,371,00d150c90702
622,41,32,442,412ab422273c
623,41,32,441,eeb49316f027
624,41,32,404,57901c954ce6
625,41,32,395,ab9ee67dacef
626,41,32,446,f31307905731
627,41,32,435,0f5263bed802
628,41,32,461,cd8bdcd8af6e
629,41,32,430,2bff01531f8d
630,41,9,117,083aa98b816d
631,42,32,377,5109ead204d9
632,42,32,411,9600f5775c4e
633,42,32,438,0f62d6fe1437
634,42,32,398,b36f8da9406c
635,42,32,443,88a20a5d07ca
636,42,32,415,2284d3825bee
637,42,32,392,9cad4326fe69
638,42,32,424,6aa7b5e46903
639,42,32,378,11e9ec3bd9c4
640,42,32,425,e353a2a5ebde
641,42,32,419,8b0fda9284b3
642,42,32,453,2fa18c7365ac
643,42,32,471,256bbcf85216
644,42,32,425,6153a01e22b9
645,42,9,110,1a22286b617a
646,43,32,430,6a3636427438
647,43,32,430,c0d37af0d179
648,43,32,360,d87546756d16
649,43,32,430,f5a3cea1b371
650,43,32,462,2e800cb5cb44
651,43,32,397,fc402166dc95
652,43,32,407,1cdfa3187ea9
653,43,32,412,adfae93a5934
654,43,32,414,7a706c802254
655,43,32,394,97c84848c55d
656,43,32,388,18c312dd12c5
657,43,32,477,670d8c0d9424
658,43,32,431,ce2534c9d019
659,43,32,426,bc6817d9d2a3
660,43,9,121,b368a782f310
661,44,32,402,2d4f47860046
662,44,32,412,975c8e1b90d4
663,44,32,401,f38a8f5bac9f
664,44,32,404,642f4e7fd591
665,44,32,404,fec6f7dae725
666,44,32,387,4335a50332da
667,44,32,435,48b42264e82e
668,44,32,436,b4e92aafad37
669,44,32,440,d0b4da624386
670,44,32,416,f36c599f3e10
671,44,32,444,c8c92cb6e1f0
672,44,32,431,ddb46436dd9a
673,44,32,382,09ad67551724
674,44,32,467,1eeafbbf37dd
675,44,9,118,1a998a6dbc7d
676,45,32,440,2f69fda61bbb
677,45,32,408,20b566bec543
678,45,32,425,83a4cb06f755
679,45,32,386,2bd3ca30c6ff
680,45,32,379,822440a2c6b1
681,45,32,396,f14955bad967
682,45,32,403,8c224a3ab80e
683,45,32,429,5b08fc7e7139
684,45,32,453,060badd2f9b6
685,45,32,441,58d39852ef95
686,45,32,439,72184c295614
687,45,32,425,89a1b3b6c65e
688,45,32,451,361f48733ada
689,45,32,398,b93d0c48acc6
690,45,9,106,3bfee7ebe0ee
691,46,32,421,61db860af512
692,46,32,406,a38e85c12150
693,46,32,407,3c18c5f77f0f
694,46,32,394,8c471f2c6b36
695,46,32,408,584054d04364
696,46,32,447,3f73afeee7e2
697,46,32,417,206334735f8d
698,46,32,421,c4e5eeadadc8
699,46,32,430,b275f3e6e97e
700,46,32,406,bc115e0ea171
701,46,32,455,48abe1c75792
702,46,32,379,3a61854767ce
703,46,32,438,7fdd871e7df6
704,46,32,413,819a0b43e29a
705,46,9,137,b06123fb5b8f
706,47,32,471,6c62e0a7393b
707,47,32,436,99b3989a930c
708,47,32,363,9899bf44185a
709,47,32,438,4882ae21b9f7
710,47,32,375,0819055661c3
711,47,32,460,94a79b2f509b
712,47,32,441,acb14ae47b03
713,47,32,437,300ee9d24239
714,47,32,441,91a38bc1334d
715,47,32,387,c23b491b04a5
716,47,32,396,9dce642e257e
717,47,32,402,f51800951d9d
718,47,32,432,83c4e381a213
719,47,32,395,03160cbd0adc
720,47,9,105,acb6372e6c8f
721,48,32,443,e108ac1df93f
722,48,32,419,a81e20ba84f1
723,48,32,429,cef4cc89e39f
724,48,32,415,5bd6bc2eeaac
725,48,32,426,6c5de739a977
726,48,32,390,43ea641ae6d2
727,48,32,403,3dbcf8e5fd7a
728,48,32,394,c29cacb8281d
729,48,32,432,b3d9cf180ceb
730,48,32,433,64ab89b67b1a
731,48,32,449,9aefe341241c
732,48,32,427,a7a86b95bb77
733,48,32,408,dae28c8b0fc2
734,48,32,396,34a72e1a53f8
735,48,9,115,dc2ed77e3d8f
736,49,32,421,f4a46c3c8fd5
737,49,32,430,23633b63db2f
738,49,32,400,81837d3c89e4
739,49,32,397,c13faae92ab8
740,49,32,412,807b488ed7f1
741,49,32,411,46c2fec92ec8
742,49,32,443,b7d5bc238098
743,49,32,468,a1c476ac2c27
744,49,32,402,0bfc5ac42fd7
745,49,32,411,4abe5cb0d09b
746,49,32,420,a400b88d846e
747,49,32,382,2ec6cad42563
748,49,32,414,3f864a6b947f
749,49,32,447,54b3b1a77d15
750,49,9,121,c071f878675d
751,50,32,386,8c44bd12c576
752,50,32,432,52a781ddae29
753,50,32,453,1890b8c1f673
754,50,32,406,0571a62b2bda
755,50,32,409,8e82ad22ccb8
756,50,32,415,724609c18df6
757,50,32,431,c6b51b3f101d
758,50,32,419,e84460932a67
759,50,32,431,78cf18d70002
760,50,32,405,57edd257ca4a
761,50,32,426,46efa1f8e513
762,50,32,403,4561a62a21ed
763,50,32,414,a53992c50ab6
764,50,32,436,069735c65cee
765,50,9,113,a7d86d2621b4
766,51,32,437,8f34e7e1dc4b
767,51,32,421,1346ef17377b
768,51,32,398,a33787df7e57
769,51,32,371,fbbcada7e552
770,51,32,403,fbd1b75029cb
771,51,32,445,0e3bffa4225d
772,51,32,402,2fb29c41b4cb
773,51,32,454,74c5c591ad7f
774,51,32,405,3f2dcf5acf74
775,51,32,434,3dd80dfd34e3
776,51,32,443,a5ee70890134
777,51,32,442,150cefb8dd42
778,51,32,406,abbd1a701228
779,51,32,415,2456b4cdaac9
780,51,9,103,0ddaed8ed7fc
781,52,32,426,c0fbf768c49f
782,52,32,414,e9aa2a6a3edb
783,52,32,408,6842fb9afa06
784,52,32,429,a0dcba6a0209
785,52,32,434,604b93c70c21
786,52,32,435,1fe37ea1de94
787,52,32,379,0ec6dbe3da18
788,52,32,407,81b5c4e35cb2
789,52,32,421,2f8bfe7a4b55
790,52,32,419,9e5e674f3df1
791,52,32,446,4041e950a5fa
792,52,32,422,bb44cd89666f
793,52,32,439,84cb7fe7865e
794,52,32,379,0f1cf0cae706
795,52,9,121,2d872cdc59ff
796,53,32,421,df7b699569ae
797,53,32,434,3b06932d3892
798,53,32,399,7858877d208d
799,53,32,452,7c8e2867a0b0
800,53,32,387,3afe5381f183
801,53,32,404,327973e0a64e
802,53,32,425,b33cfa94be0f
803,53,32,429,4b34f33d8383
804,53,32,435,82f05e4b076a
805,53,32,445,e093713a6c25
806,53,32,399,ab5cc594861c
807,53,32,376,87c8c445fe45
808,53,32,426,1e65129b989c
809,53,32,420,76dd087f52c9
810,53,9,127,7f2a825cdce9
811,54,32,412,abdf2118c569
812,54,32,456,0b14bdd63be5
813,54,32,380,d89353d14eec
814,54,32,420,6c5d868dd496
815,54,32,415,8e8cc377ddd6
816,54,32,422,54a53fdd5501
817,54,32,408,71f1fff2ed85
818,54,32,392,0c576376a58a
819,54,32,407,39701953bdce
820,54,32,437,fa00d6ba95c1
821,54,32,444,308bffff627c
822,54,32,427,af1053a200ff
823,54,32,412,27617a2d816c
824,54,32,427,bdd99fcfb286
825,54,9,120,d039f180c932
826,55,32,422,c7a36c4baaa2
827,55,32,435,207a537f4721
828,55,32,380,d52e3fd8beb7
829,55,32,404,3c67424ce618
830,55,32,406,f58a14b44c91
831,55,32,398,aa6eefefaf61
832,55,32,403,9744eca5be59
833,55,32,414,92c316e9e917
834,55,32,475,4a1b94b45ee4
835,55,32,419,58022c437cba
836,55,32,417,5765945a6a4e
837,55,32,422,00fdf775bec0
838,55,32,423,cd349b5e4c7f
839,55,32,452,bc103fbcbf9c
840,55,9,109,64f1f1b17973
841,56,32,437,3b07ccaa36e0
842,56,32,431,f0f2808e656e
843,56,32,423,eebee8e9455b
844,56,32,446,c3a6e8933f74
845,56,32,421,5b35367f27a2
846,56,32,408,c67363622cad
847,56,32,370,1653133da7ae
848,56,32,432,5975e2b5cb7c
849,56,32,462,cccdc70025c4
850,56,32,426,9d451a7afd4f
851,56,32,433,f33fba1f5505
852,56,32,428,5274569e11f0
853,56,32,380,119cddb26a67
854,56,32,386,66fae389e843
855,56,9,96,7171b4ca9b54
856,57,32,430,9a0ca6523928
857,57,32,383,25b51b5962cf
858,57,32,389,2217cff310f8
859,57,32,444,51ba0f4ca003
860,57,32,411,657ab7f6985e
861,57,32,423,66836dda3d6c
862,57,32,411,92164f20ad8c
863,57,32,436,5d12b6661511
864,57,32,423,fe2d18969cfd
865,57,32,394,95b87b209a57
866,57,32,408,fa105ad027f6
867,57,32,410,dfb26e231017
868,57,32,447,b651b03311c1
869,57,32,459,7989ca9d6b09
870,57,9,111,e8fd68aac69e
871,58,32,414,158a19ba190a
872,58,32,387,15ea0edd124b
873,58,32,441,f24f57120427
874,58,32,422,b9107246f419
875,58,32,435,110e04358d60
876,58,32,449,80e47861dc90
877,58,32,401,60d54aca5b1d
878,58,32,430,f095fa8e83a7
879,58,32,426,588e86a1d285
880,58,32,451,b9c09b1f29f5
881,58,32,394,76b2f750e246
882,58,32,400,41695b6ee876
883,58,32,429,7b4a37f7b75a
884,58,32,392,1f1637906262
885,58,9,108,8e9668511a04
886,59,32,418,b29f058512ac
887,59,32,414,87837e969ceb
888,59,32,430,a7baa1ef0ccf
889,59,32,427,7309ed19068c
890,59,32,426,efc248ab73cc
891,59,32,366,701a9e9371d7
892,59,32,425,e459f6350dac
893,59,32,409,a4f4d0de3ada
894,59,32,403,fee2ab0322e8
895,59,32,402,4cbffbfb5985
896,59,32,432,498602b281b9
897,59,32,435,60c0154f245d
898,59,32,450,83c4e45e7904
899,59,32,418,dc33e66944d6
900,59,9,124,aaa7e448f9f5
901,60,32,437,e1c767683708
902,60,32,392,7c9cee7c0d43
903,60,32,425,a304ffca22da
904,60,32,434,3230a5f3605f
905,60,32,376,da19f0d0d979
906,60,32,447,c0192dd5b7b5
907,60,32,448,73a2f787c521
908,60,32,448,07a5cccc01d0
909,60,32,436,77dfb5c7a764
910,60,32,392,7b48a2b13221
911,60,32,384,abd84305f0c6
912,60,32,429,18a3453a1c1b
913,60,32,378,abed9aa66940
914,60,32,449,aa76f3f6d921
915,60,9,104,345b670733a3
916,61,32,388,2956b19bc13c
917,61,32,444,e943c13a592f
918,61,32,410,9867d33da499
919,61,32,405,f5962d3b320b
920,61,32,432,7b415bbb6827
921,61,32,454,10e4d03bcf10
922,61,32,429,37140bd5a9a6
923,61,32,454,de74c316a98e
924,61,32,440,f7a55037f08c
925,61,32,421,836bf880175a
926,61,32,417,f23954e9a146
927,61,32,400,7645ee3b0e1d
928,61,32,358,28ec9fe119aa
929,61,32,429,01bef922fbd2
930,61,9,98,1f4e884e87d4
931,62,32,392,9b36f44f6891
932,62,32,460,fc259b7874b5
933,62,32,385,8667d972be70
934,62,32,422,325b549d58bc
935,62,32,404,391b9f08f784
936,62,32,429,715f7c9d5183
937,62,32,418,120d2d2a78c3
938,62,32,442,edfbbc696ab5
939,62,32,449,5cb0985be8fa
940,62,32,432,d6f849bac0b8
941,62,32,381,35041768cc48
942,62,32,424,98922902f32b
943,62,32,428,3f20fb827e2e
944,62,32,407,a8409baf21ef
945,62,9,106,de8326fbfebb
946,63,32,404,1855005c2fe7
947,63,32,385,395fa0b01d32
948,63,32,420,437f4150e4c1
949,63,32,450,472955e982c4
950,63,32,396,689d230cad58
951,63,32,457,0afdced866d3
952,63,32,427,aa8d4280dfbe
953,63,32,478,cb64b6b7d3dd
954,63,32,439,9c152907080f
955,63,32,406,35c9daa40184
956,63,32,410,7817058fc2a2
957,63,32,380,e44594994982
958,63,32,389,3cbc5d02c45f
959,63,32,422,1621af3b299f
960,63,9,116,34d6ac337636
961,64,32,415,c452a078344c
962,64,32,425,0ec5c3c8911a
963,64,32,446,99db6efbb8a3
964,64,32,387,444419feac83
965,64,32,381,cd16a5bc099f
966,64,32,400,4efb4de7cc7f
967,64,32,385,f3adc854c163
968,64,32,457,867cf2dd13a1
969,64,32,450,eca2f47cdca0
970,64,32,446,21dc27379422
971,64,32,421,3aa9c57e1ad2
972,64,32,393,60c8fea812b7
973,64,32,413,f21601c5264d
974,64,32,446,6ffd0c46830e
975,64,9,114,8a8b2b2ebdb0
976,65,32,427,99aa8258609b
977,65,32,433,ab8a3c44f79d
978,65,32,430,3f9db1c21329
979,65,32,430,0238371f61ac
980,65,32,433,a5b224e8511a
981,65,32,384,d0f698e1ea3e
982,65,32,459,91d2a4ffa598
983,65,32,432,09f579efa2dc
984,65,32,385,068d6eefc682
985,65,32,438,b104f7302691
986,65,32,382,8b67d1b10b35
987,65,32,430,aee33862eaa3
988,65,32,401,99fb927ec64a
989,65,32,399,9d9e846906bb
990,65,9,116,4817bee9fa2b
991,66,32,449,38790aed75fb
992,66,32,398,ad794109ef1a
993,66,32,395,004d12fe6efc
994,66,32,447,f96cbc0dae04
995,66,32,428,991b0e187dcd
996,66,32,413,9fae3b74328e
997,66,32,438,2594b5d95d53
998,66,32,415,a40c78ca16fe
999,66,32,420,961843c82c2c
1000,66,32,427,6927f7aace9f
1001,66,32,386,a6d2d2172857
1002,66,32,392,3abda9d2b169
1003,66,32,443,62174e8cfba7
1004,66,32,414,35433ab069fc
1005,66,9,114,217985724695
1006,67,32,435,cf3904435f65
1007,67,32,433,16752f0e18ee
1008,67,32,431,ec71ec02eb08
1009,67,32,473,0e0d865e74c0
1010,67,32,399,15170d9e63e7
1011,67,32,425,c9b3c3a4440c
1012,67,32,388,7df1fc08ecc7
1013,67,32,406,e5d5c1a16242
1014,67,32,404,9993af2e3f42
1015,67,32,395,d06fcc571e86
1016,67,32,400,9f8ae4aace47
1017,67,32,404,6b603b80bb74
1018,67,32,448,77a54795389c
1019,67,32,406,86aacb0b3a3e
1020,67,9,132,4b04aaaa74a8
1021,68,32,417,b07225bea190
1022,68,32,494,267f079d5e33
1023,68,32,447,546a918c86d4
1024,68,32,421,ab7062e79b56
1025,68,32,414,61392f18c926
1026,68,32,387,8f5f61ca40f6
1027,68,32,428,15b8e56a818a
1028,68,32,419,785427c37a79
1029,68,32,395,17f368c48cea
1030,68,32,366,1d7e338bf632
1031,68,32,403,fc4c7817e616
1032,68,32,417,ae1cd74ed26d
1033,68,32,439,e2974e5d5cc4
1034,68,32,423,c062036be2d9
1035,68,9,109,1bd7a288a4c1
1036,69,32,427,53697be01874
1037,69,32,439,fa8419c87411
1038,69,32,441,062ff671b48f
1039,69,32,390,ebfb900d01c0
1040,69,32,376,037dd900193f
1041,69,32,431,6e633000129a
1042,69,32,449,d31edb071c05
1043,69,32,425,fcc8a707814c
1044,69,32,392,bfdaba20fd2a
1045,69,32,428,74dbef5e023c
1046,69,32,402,5ecc0c016e65
1047,69,32,399,71d3660a7a47
1048,69,32,428,73501c97b2bd
1049,69,32,434,6a51bac36bcf
1050,69,9,118,11989eb7d571
1051,70,32,417,0bc30a325191
1052,70,32,430,87ed2791494c
1053,70,32,395,c1c0f575086b
1054,70,32,419,41c81447ce72
1055,70,32,466,86c94f28ba33
1056,70,32,376,c5e54ad3b8c7
1057,70,32,437,809f5604ecd1
1058,70,32,399,e9482fbc1f79
1059,70,32,404,57998f661527
1060,70,32,425,05422d687d13
1061,70,32,405,ab2fb64a6f68
1062,70,32,426,cf07fb86ba45
1063,70,32,408,9ff4860c03c8
1064,70,32,433,697fb04ae146
1065,70,9,139,0df629cbe501
1066,71,32,416,0dc861f6b7eb
1067,71,32,393,ccbc3859f1e2
1068,71,32,401,d12388ecc086
1069,71,32,424,b78f440b74be
1070,71,32,449,57323f672b05
1071,71,32,465,37499e76c3a4
1072,71,32,437,60f671934452
1073,71,32,387,ee5e2053d53a
1074,71,32,390,fb7dfa82e83d
1075,71,32,469,bed80f411ceb
1076,71,32,408,e568553da983
1077,71,32,397,8660212af251
1078,71,32,414,b2e830e15af3
1079,71,32,406,9a2dbfcd5547
1080,71,9,123,224e22e39849
1081,72,32,429,ec9c24f320c8
1082,72,32,435,3be325eaf2c9
1083,72,32,415,b60e7a5740a9
1084,72,32,446,452a55f6b793
1085,72,32,435,287e30f6478f
1086,72,32,396,eaf86b96e4a2
1087,72,32,419,61494becd00b
1088,72,32,449,3e394d2ee277
1089,72,32,413,8f2889ac0674
1090,72,32,400,0b2979fe3d5c
1091,72,32,395,3a85e901fea2
1092,72,32,405,324c8904b323
1093,72,32,390,f7a76b435b7c
1094,72,32,447,cd898e0f5dc0
1095,72,9,105,3c7fd6a93213
1096,73,32,398,711405e35188
1097,73,32,413,58a04f751978
1098,73,32,435,06efb223f314
1099,73,32,382,683d28b22f29
1100,73,32,428,cab70453989c
1101,73,32,443,0b71233f0ad6
1102,73,32,442,343da0f17e97
1103,73,32,404,62f24804d7bf
1104,73,32,420,faf86582e64f
1105,73,32,440,b52801849c83
1106,73,32,417,40ee4c4542e6
1107,73,32,422,9dcb6a66a10d
1108,73,32,423,a8b8f8716fe8
1109,73,32,406,d84ed806b438
1110,73,9,106,26d8e2dfa427
1111,74,32,408,8de459409cbf
1112,74,32,397,096330a45d58
1113,74,32,470,33321ded853e
1114,74,32,416,8fb919f10921
1115,74,32,437,9efa68c56f96
1116,74,32,397,963356e395db
1117,74,32,414,a2ce84110e1d
1118,74,32,458,7163b7f134f1
1119,74,32,413,a30894034b2f
1120,74,32,403,2a1998912b0b
1121,74,32,405,c64a85da6e90
1122,74,32,383,18a5053f6562
1123,74,32,426,974680312933
1124,74,32,419,7ec8d6625af4
1125,74,9,133,0ac49fdb1839
1126,75,32,420,739d3106643e
1127,75,32,387,88bf8c67f26b
1128,75,32,426,c36e4a49ff0b
1129,75,32,428,9fa17a415177
1130,75,32,432,c9c66a96ac46
1131,75,32,458,60cde92de029
1132,75,32,386,51d919c09d9a
1133,75,32,459,d53468ac7850
1134,75,32,382,7c98f9a2238d
1135,75,32,390,9b6e6e5726b6
1136,75,32,413,9a5e2623219b
1137,75,32,390,4a1d084e2d20
1138,75,32,406,fc36b9503e85
1139,75,32,448,72e133b1bd2d
1140,75,9,154,75764b8084e5
1141,76,32,435,52e9f30568be
1142,76,32,378,3d9d4aceaa21
1143,76,32,430,ff632ac7e9a1
1144,76,32,417,8cdc43de9626
1145,76,32,378,be569d640e08
1146,76,32,448,6ce044cf729a
1147,76,32,434,a08d606df480
1148,76,32,396,0fd38a20418a
1149,76,32,407,da696a08e128
1150,76,32,402,1bf796e8f2c1
1151,76,32,436,725771802a7c
1152,76,32,476,ed48e09dc201
1153,76,32,387,8f40663bb22d
1154,76,32,441,387bb6d21856
1155,76,9,114,58a934fda0e9
1156,77,32,436,84bc8fbc88a5
1157,77,32,427,2c5e455f23a4
1158,77,32,433,e8b42cdd86a4
1159,77,32,457,9654cb171d55
1160,77,32,407,2d0084d571d2
1161,77,32,421,74ad0749c4c9
1162,77,32,423,2fe3114100da
1163,77,32,384,24aabf3644da
1164,77,32,420,8fd6c2ebb0b5
1165,77,32,450,dd3b7932cb32
1166,77,32,417,a73130655a7e
1167,77,32,395,f06eb53b928f
1168,77,32,442,320bc4c5586f
1169,77,32,364,f4eeb721aa83
1170,77,9,103,375a18c71869
1171,78,32,376,8ddd37d7358e
1172,78,32,412,7ff3b5c0a464
1173,78,32,390,56021ef3cf94
1174,78,32,455,c2d4e4aaee3d
1175,78,32,367,d4e4d4158388
1176,78,32,422,f9de6d088214
1177,78,32,438,87fcd639769a
1178,78,32,449,a09e2cab07bf
1179,78,32,443,91f2c9ddd989
1180,78,32,386,a8747eb795c7
1181,78,32,410,c363a93e60f7
1182,78,32,416,61b438a0ccf6
1183,78,32,476,14addc92fd6f
1184,78,32,424,eb0c24f78102
1185,78,9,115,0bd0efb7a2cc
1186,79,32,412,9365bd650f6f
1187,79,32,430,ddaa0bfa3991
1188,79,32,421,4f3b2ec540f3
1189,79,32,385,915ad1cf99f9
1190,79,32,375,50ed9c88df61
1191,79,32,429,c5b24a0cd574
1192,79,32,436,ebb260b571a1
1193,79,32,429,c22159f2a6f9
1194,79,32,453,daf0f5db5164
1195,79,32,449,9d144ead633d
1196,79,32,397,d65a19da3b48
1197,79,32,419,634fc6b66b19
1198,79,32,408,77b3e71d3e0c
1199,79,32,420,c4174955f9a3
1200,79,9,116,9368a2fc68ea
1201,80,32,394,322657d44c43
1202,80,32,454,7a0968b4bdb5
1203,80,32,434,e623fc703084
1204,80,32,414,92b31db4a506
1205,80,32,444,c2c56fc354c0
1206,80,32,401,07edc34af3a6
1207,80,32,427,1e018b485452
1208,80,32,417,0bb51bb6439a
1209,80,32,432,d12d3ed6acc3
1210,80,32,429,2a6e1e429360
1211,80,32,394,88f038a5eaad
1212,80,32,421,548bd8b1478a
1213,80,32,403,5330863b0f17
1214,80,32,411,6fe33af87803
1215,80,9,104,87a24614d271
1216,81,32,413,3bf210f75cf4
1217,81,32,393,4e8f40dd31c0
1218,81,32,383,c2d385e389d4
1219,81,32,440,67915968aa25
1220,81,32,431,fdb56b7ee2c0
1221,81,32,440,4a1c51ed206c
1222,81,32,375,bb4398f6818b
1223,81,32,454,ca312cae8323
1224,81,32,454,5b810c851cf6
1225,81,32,451,a6f96a980357
1226,81,32,401,737c3e8ac12a
1227,81,32,392,79cc6363fc5e
1228,81,32,398,4f91f4003658
1229,81,32,454,63588e8452c5
1230,81,9,100,eea254920e8a
1231,82,32,445,d4d140767c21
1232,82,32,405,51855d0cfbf4
1233,82,32,416,2af76c732d77
1234,82,32,396,3a801ca63bad
1235,82,32,402,2866d1aaef1e
1236,82,32,458,1c4376649861
1237,82,32,400,f174f6a4b830
1238,82,32,400,31ca21d70e18
1239,82,32,433,d161bf58499b
1240,82,32,446,8206e2d61642
1241,82,32,430,0d3832a520e5
1242,82,32,442,87550224af7b
1243,82,32,418,bc55dab2e38d
1244,82,32,372,f7636a77f3b3
1245,82,9,116,58261194e1c5
1246,83,32,424,6e44c47cb9e3
1247,83,32,411,16d1e519fcce
1248,83,32,401,6a6b9c85685c
1249,83,32,416,988991478b0d
1250,83,32,411,bb642f05a900
1251,83,32,396,792d5ba21d6e
1252,83,32,390,1628189012af
1253,83,32,444,10eb33e63659
1254,83,32,420,1f8d3af1617c
1255,83,32,415,ddc0322e6423
1256,83,32,468,1259c8fe6d2b
1257,83,32,428,173a66667f5d
1258,83,32,443,a17b0a17c412
1259,83,32,406,2263f487fd4f
1260,83,9,106,2f2ac269773a
1261,84,32,436,d8a1ca4bae01
1262,84,32,437,bfb65f05d92b
1263,84,32,432,d380fbb807d8
1264,84,32,416,1dbc64114563
1265,84,32,369,9b3caa0fa231
1266,84,32,403,7d691cd01d4f
1267,84,32,410,2e3d696e4d6c
1268,84,32,413,1a585548371e
1269,84,32,418,f69dcc04fd1a
1270,84,32,426,eed71fc9eaa2
1271,84,32,460,dae85b7d7167
1272,84,32,397,36a67fcd0d1a
1273,84,32,420,94aa6436b2ab
1274,84,32,425,80e6ebca8ceb
1275,84,9,117,4494cf4f6247
1276,85,32,394,c149bb5d3977
1277,85,32,484,6f10e91326d7
1278,85,32,432,7dc0eae28be5
1279,85,32,422,f441baa45f48
1280,85,32,425,68092b4b2008
1281,85,32,418,b454e1ba4576
1282,85,32,393,9fb707fa8166
1283,85,32,373,5e08501d755d
1284,85,32,443,596fc0a54f5d
1285,85,32,375,ebab7a0916b9
1286,85,32,404,a3e751174405
1287,85,32,424,5d42f7f6d1ed
1288,85,32,417,09198407bc4f
1289,85,32,448,354f83694179
1290,85,9,127,2a64224f4654
1291,86,32,458,8b1c11dd9a0e
1292,86,32,404,334071847823
1293,86,32,404,09fac6f69e9e
1294,86,32,396,fe13ea1890e3
1295,86,32,415,5533faab6897
1296,86,32,428,36d070f68bab
1297,86,32,420,f5f6ae81fd6d
1298,86,32,425,6d48752b4c91
1299,86,32,434,4b1ef5f43852
1300,86,32,417,27b690d02ab9
1301,86,32,415,776156c76797
1302,86,32,399,7690704e5967
1303,86,32,446,b690f64c3fd2
1304,86,32,414,26d47134b289
1305,86,9,104,4ff8ab58468c
1306,87,32,433,bad985660c3a
1307,87,32,389,f69a1486faac
1308,87,32,454,a44096564cac
1309,87,32,424,bd8ad0f550f9
1310,87,32,389,fbf8e31212f0
1311,87,32,442,27d5f2c4a692
1312,87,32,443,be11d53b73c1
1313,87,32,415,0be208b38ed4
1314,87,32,419,d9ff9a0efc03
1315,87,32,412,2a5e985b630a
1316,87,32,412,620b59cca732
1317,87,32,388,a75f2fa0f83e
1318,87,32,425,cc97fbbe65e0
1319,87,32,427,00095b1cefe3
1320,87,9,107,eea39b596e44
1321,88,32,398,df43aac84656
1322,88,32,406,ecfd7c83a93e
1323,88,32,438,668edf5fa1fc
1324,88,32,418,0f90115add5e
1325,88,32,433,cded5cc021e1
1326,88,32,401,49ff3a5f8734
1327,88,32,411,05302f0a80ba
1328,88,32,446,2f94af5795b4
1329,88,32,405,830e52e2d961
1330,88,32,418,3897f2648513
1331,88,32,408,8a13770305e7
1332,88,32,449,b7d621427375
1333,88,32,427,d2c53f591055
1334,88,32,418,9ebe48afd789
1335,88,9,103,1b891d787d80
1336,89,32,412,082f40fa5632
1337,89,32,404,fb5d5ca33d33
1338,89,32,398,928a83742b23
1339,89,32,445,fb6b0376c361
1340,89,32,393,3d2afb7e92d4
1341,89,32,424,15adf1a4cd46
1342,89,32,424,08767e17a573
1343,89,32,443,45abd7a4823c
1344,89,32,395,14677fca4b78
1345,89,32,421,3fb2728986ac
1346,89,32,412,68344d8befe1
1347,89,32,417,a074195dbd95
1348,89,32,426,e8f8f98b79f8
1349,89,32,440,baf601924937
1350,89,9,125,752cb440e586
1351,90,32,433,a468702c2220
1352,90,32,411,cb311bb9e9ae
1353,90,32,408,b7bc894c00c3
1354,90,32,411,f8370b68d06d
1355,90,32,422,17ad3e70d0bb
1356,90,32,403,9a29fc0995b1
1357,90,32,421,f058a53f0dbc
1358,90,32,405,79b6fb477973
1359,90,32,425,649ee37fa997
1360,90,32,452,c94f18832e7a
1361,90,32,455,9d70994a2a17
1362,90,32,387,691c6e5fa1bd
1363,90,32,412,54ba38ca7825
1364,90,32,409,af6a9279e8de
1365,90,9,125,34cfb8343325
1366,91,32,449,2d387c7279ca
1367,91,32,369,06d747368aaa
1368,91,32,370,e3cdadf14f74
1369,91,32,400,716a33c10b9d
1370,91,32,445,daa6b8e4a782
1371,91,32,400,feb3cca8b7bf
1372,91,32,450,7cf4954ecfaf
1373,91,32,427,ab13877bde40
1374,91,32,411,3d74eeb8b5d4
1375,91,32,474,8c4d3357368d
1376,91,32,427,0880d60ef26a
1377,91,32,444,7b37f2fd48e7
1378,91,32,392,0a591871fa64
1379,91,32,388,a7ac93a01c65
1380,91,9,133,0c1aab93c691
1381,92,32,431,551dc1a06221
1382,92,32,405,e313119e471e
1383,92,32,401,4b853a338695
1384,92,32,392,30ec842b067b
1385,92,32,427,36c85de7b80a
1386,92,32,422,cf1b9186bea5
1387,92,32,388,a222f22eee76
1388,92,32,374,03e7cf952854
1389,92,32,427,f976563c4a6d
1390,92,32,466,7c67b0c8f296
1391,92,32,437,748d115196f1
1392,92,32,413,345f327ab7cb
1393,92,32,458,6ac727c52503
1394,92,32,420,042291a5356b
1395,92,9,118,c2a0a3d656d6
1396,93,32,412,9e875b25b479
1397,93,32,450,7c99ac4c73c3
1398,93,32,415,0e392a2b789d
1399,93,32,412,42849748c6e6
1400,93,32,383,203514cb7045
1401,93,32,441,aba00e9ad93b
1402,93,32,420,a43cea627fd2
1403,93,32,451,36a652249363
1404,93,32,389,3849a62551c4
1405,93,32,421,862c0f2b4416
1406,93,32,418,067960fab0a7
1407,93,32,436,794484a0c9f2
1408,93,32,380,696857fc3149
1409,93,32,425,8c14b4e14cb1
1410,93,9,126,c848a8e0b6b1
1411,94,32,440,b85706fb8e28
1412,94,32,412,1883e3f10a7b
1413,94,32,405,24e365ece917
1414,94,32,419,ecd84a19df22
1415,94,32,367,b2e8ab2ecd3c
1416,94,32,425,65504fc6a9a6
1417,94,32,418,389569740094
1418,94,32,394,41d5592c7f37
1419,94,32,410,6ece36f35db6
1420,94,32,451,0eea5bb01bf1
1421,94,32,436,4644fe4fd817
1422,94,32,482,e79bf56a61e0
1423,94,32,397,5ec59d68cef4
1424,94,32,434,dfafe165fb78
1425,94,9,89,70098a26578f
1426,95,32,401,6bebbd9ab6e9
1427,95,32,415,60095390a6c2
1428,95,32,412,a2004a1a8b31
1429,95,32,409,0a45e1ce8e3a
1430,95,32,415,67a2a722e298
1431,95,32,431,dfac0981de8e
1432,95,32,429,40e3dbb37829
1433,95,32,384,369346cd4b5c
1434,95,32,427,c55b526db585
1435,95,32,440,69a70bfabbf9
1436,95,32,408,cb7d281d9281
1437,95,32,424,6eebc9fa6186
1438,95,32,449,ee22b9afdfc5
1439,95,32,431,d414f6d6f7e6
1440,95,9,104,1e0f67410602
1441,96,32,415,1dbac3e817fe
1442,96,32,417,115c3c146b73
1443,96,32,417,db715ead7eb7
1444,96,32,396,29f4ad32daf2
1445,96,32,398,583c6f785f4c
1446,96,32,456,58f5ec187502
1447,96,32,415,1fb20fce91dd
1448,96,32,469,67c3ab90c08d
1449,96,32,421,2bb9bcc2e3e2
1450,96,32,401,2147888ae101
1451,96,32,440,8a6d6e6bdcd4
1452,96,32,428,6b23c8f303f4
1453,96,32,438,e8c1968bb61c
1454,96,32,350,71b40b38dbfc
1455,96,9,118,93cd62039cf3
1456,97,32,412,863a40e45773
1457,97,32,451,ae7bc7c6cd37
1458,97,32,424,04fe5e07101c
1459,97,32,464,e2326bd05dac
1460,97,32,422,956cd9335df4
1461,97,32,404,b627237be3c8
1462,97,32,416,109598306d4e
1463,97,32,401,f17e1c1ee4b1
1464,97,32,410,76f02ab66067
1465,97,32,425,2088d2756a10
1466,97,32,412,10fc500e40d8
1467,97,32,450,4e39710198af
1468,97,32,412,05a88ee96c1f
1469,97,32,375,b5b83c69210f
1470,97,9,101,1b9aa0913a58
1471,98,32,430,49610e604440
1472,98,32,393,3631ed0c4d60
1473,98,32,427,42acf7b7e9c9
1474,98,32,407,e75daade56a6
1475,98,32,427,9df4495d7c58
1476,98,32,470,aea5789d8f12
1477,98,32,434,042c5a4069c9
1478,98,32,431,bca2cea474e8
1479,98,32,416,3242527dc998
1480,98,32,418,9beaa6289c52
1481,98,32,406,6e4f22083d68
1482,98,32,410,98b2d25e8246
1483,98,32,389,ad5718ac2ade
1484,98,32,405,acd5ff45e227
1485,98,9,116,a45271ed7bc6
1486,99,32,425,238850f5fba0
1487,99,32,385,cfbdfb09665d
1488,99,32,409,94a39437ef9d
1489,99,32,409,96c3058612f2
1490,99,32,396,3cc92530e49d
1491,99,32,389,342581028630
1492,99,32,437,8a749b17a03a
1493,99,32,430,dc685ebd4877
1494,99,32,409,deb78cdf29cc
1495,99,32,480,b2df8d955bfe
1496,99,32,416,74813b6eb471
1497,99,32,402,a0fc43f44d07
1498,99,32,432,561c34b90bea
1499,99,32,440,876f769270af
1500,99,9,120,a3c79b0a000e
1501,100,32,430,bcdfb0299ac0
1502,100,32,388,c109090d8c52
1503,100,32,441,19283003bb68
1504,100,32,391,ca40238064c6
1505,100,32,408,b6ceb7ef0718
1506,100,32,409,901e3169aed1
1507,100,32,395,52c86c7f0fcd
1508,100,32,448,c231294c9926
1509,100,32,411,aeb65d7ef0ad
1510,100,32,447,a5e50139b430
1511,100,32,429,3515ff34fd07
1512,100,32,404,3fc49b107d87
1513,100,32,432,8fa44b55d479
1514,100,32,413,3df3f4e48f17
1515,100,9,133,ca9f6b1231ac
1516,101,32,431,02538b58a970
1517,101,32,377,c7ce837a6e6f
1518,101,32,413,c380af9cfea8
1519,101,32,423,51df4f09caf8
1520,101,32,427,abb3c69e6491
1521,101,32,400,f1c02eab197f
1522,101,32,414,afa299b58063
1523,101,32,402,b48c7f12e885
1524,101,32,474,f7474c97633b
1525,101,32,422,f99e47fc7917
1526,101,32,433,324ed26f1f56
1527,101,32,400,337b225947fe
1528,101,32,459,a7b79198dd7d
1529,101,32,388,dda66bb967a2
1530,101,9,116,2c3402ad5ec9
1531,102,32,405,4cea8ea50e47
1532,102,32,395,f38e04e658ca
1533,102,32,408,45fcb74270d0
1534,102,32,419,49ba45f98c38
1535,102,32,421,b6b1fac9149b
1536,102,32,427,14df9eff8a40
1537,102,32,397,2bbcbc386a1e
1538,102,32,447,805618387851
1539,102,32,406,9702522533db
1540,102,32,426,16c1fc951267
1541,102,32,409,0b515657627f
1542,102,32,428,24324dd58b91
1543,102,32,439,d1a1ffba6b45
1544,102,32,407,07d1f19d8653
1545,102,9,145,2bb74a0a9679
1546,103,32,422,af93887c3e2e
1547,103,32,402,42d8322dcda4
1548,103,32,432,dd417eed12e5
1549,103,32,388,481a5f4db077
1550,103,32,417,0c1847511f55
1551,103,32,385,976e357578df
1552,103,32,429,98586bebb947
1553,103,32,438,e99436349fa1
1554,103,32,440,e77d114362f6
1555,103,32,406,23f4668c898b
1556,103,32,418,07daca03c3fe
1557,103,32,412,57dc47071445
1558,103,32,398,26084a4bf4e4
1559,103,32,447,9b31898b07a1
1560,103,9,145,976e8d6f4b67
1561,104,32,454,d86a60d192e2
1562,104,32,356,34ed100d424e
1563,104,32,446,2b95593bfa35
1564,104,32,451,be9db7ff3e7e
1565,104,32,453,6dd3ad09f949
1566,104,32,423,4b63561110a1
1567,104,32,424,e7c5bb56013e
1568,104,32,392,5165d50b4f1a
1569,104,32,387,2fb85b6186a9
1570,104,32,411,62398f532a4c
1571,104,32,463,516378522335
1572,104,32,415,df55085bcb59
1573,104,32,385,58322ffc0f10
1574,104,32,386,baccd9c4099c
1575,104,9,133,baa11298d3ec
1576,105,32,408,719d28db5356
1577,105,32,454,b10478086158
1578,105,32,410,28929bd4b6a7
1579,105,32,431,5cb66fcd6ca1
1580,105,32,431,cd629ec2ef0f
1581,105,32,407,281038a118a4
1582,105,32,412,ed6aeb17ba24
1583,105,32,396,18fabdeadaee
1584,105,32,391,0f17e8ae1aae
1585,105,32,453,38fa4e85e851
1586,105,32,430,3d36247d5c08
1587,105,32,392,4fabd8e9e842
1588,105,32,436,6d57da58153f
1589,105,32,398,45bada86396f
1590,105,9,130,7e4621e0a2ae
1591,106,32,401,2e1aa3f390cb
1592,106,32,426,8780e4625d6d
1593,106,32,405,a8876be25e58
1594,106,32,456,bc1dd22fcc4a
1595,106,32,478,8be6b6070501
1596,106,32,426,beb7114a251f
1597,106,32,408,68aad08d201b
1598,106,32,367,f024b91718eb
1599,106,32,442,0b68d7a512fd
1600,106,32,440,1e0a742c09a7
1601,106,32,410,889905796fba
1602,106,32,430,2ba61ac91777
1603,106,32,401,19c870d3b3a4
1604,106,32,390,d432282d719d
1605,106,9,99,408772c4d185
1606,107,32,409,73e79cb9e288
1607,107,32,461,a49b32b12b59
1608,107,32,411,501224cb894d
1609,107,32,411,ee54197b472a
1610,107,32,397,cb22fa25ff7c
1611,107,32,452,feacac2245ae
1612,107,32,429,7fe0f78d30ad
1613,107,32,421,cb617ab3012f
1614,107,32,399,e247da872678
1615,107,32,435,a2f5efec0a5a
1616,107,32,424,4c809e8c9850
1617,107,32,402,f6d8228ae4b8
1618,107,32,428,1a53539ee0dc
1619,107,32,381,d36f26ba10f9
1620,107,9,119,d2e59f012a0a
1621,108,32,421,c990e1f3bf4b
1622,108,32,416,c69f01e0b321
1623,108,32,430,155a22578733
1624,108,32,449,b591e4719126
1625,108,32,405,7d27721e0f67
1626,108,32,400,31faeb8bc902
1627,108,32,405,1d406c1e598b
1628,108,32,389,4fef3ef3c892
1629,108,32,451,3de7627ff031
1630,108,32,427,558b8ff216d3
1631,108,32,409,59f079ff177e
1632,108,32,407,2af075c3b772
1633,108,32,394,74658854aa55
1634,108,32,442,5d5b6073113e
1635,108,9,134,6058327c5101
1636,109,32,432,0f4002710787
1637,109,32,405,98ca7541bdd0
1638,109,32,410,1401f392f69c
1639,109,32,436,33bd5ee42b78
1640,109,32,396,ff5d90330909
1641,109,32,409,a7d103177520
1642,109,32,435,34ea1abedf9c
1643,109,32,437,7ff6896a0d3b
1644,109,32,445,e434b9b78169
1645,109,32,396,8932ed76ed96
1646,109,32,414,e6a7d7e6b4e6
1647,109,32,403,02166b08ee2b
1648,109,32,419,aa921d08617c
1649,109,32,433,d6f676fa8ac0
1650,109,9,109,c24797031bc0
1651,110,32,397,18cb7b4a2c72
1652,110,32,441,ad34751a018a
1653,110,32,400,2850a752717d
1654,110,32,438,44f3c3c5502c
1655,110,32,422,5be0297e9587
1656,110,32,415,0077ea9bb22c
1657,110,32,438,47827a353b8f
1658,110,32,416,e6ecd197c4b2
1659,110,32,410,f596795b3dab
1660,110,32,425,ee9aa56f4ddf
1661,110,32,434,03da37b431a9
1662,110,32,396,b5435fff8f81
1663,110,32,403,5a447edac50f
1664,110,32,425,197f92c1a229
1665,110,9,119,5bdd76cbaf8e
1666,111,32,434,0f0399f14a52
1667,111,32,390,c7905ef99704
1668,111,32,455,fceb759b218f
1669,111,32,426,ea955c47ca70
1670,111,32,415,7c14e809d5ae
1671,111,32,417,5fb5c8834cae
1672,111,32,421,5ed937bd56bf
1673,111,32,412,e50603d9c0c9
1674,111,32,424,e54a1a59c43d
1675,111,32,424,0443314ca4f2
1676,111,32,409,d6bdb0657eb0
1677,111,32,428,cbb1175938ed
1678,111,32,389,6aa98af1973c
1679,111,32,414,0299e074a9f4
1680,111,9,121,1b1227e8a398
1681,112,32,390,e1597f6f52b5
1682,112,32,403,799e9f529a2c
1683,112,32,401,5426c1758b9c
1684,112,32,431,4087f3ca3ca2
1685,112,32,414,2f0316b24280
1686,112,32,400,f4ae9ccc3604
1687,112,32,446,c6b377a64324
1688,112,32,410,98392d6fc55d
1689,112,32,444,3b4b11f080f0
1690,112,32,406,9a5e3c02b320
1691,112,32,429,3456acc00d33
1692,112,32,425,bffa28ecb9de
1693,112,32,400,9943c3946722
1694,112,32,457,874070c53b28
1695,112,9,123,02aa8d489fa1
1696,113,32,412,5951992fc210
1697,113,32,432,ce1e2235b6d8
1698,113,32,428,f85da339bc84
1699,113,32,431,5b023dd49a8f
1700,113,32,408,459484a2c5ab
1701,113,32,403,937b4308cf6e
1702,113,32,431,1ac80370f9f4
1703,113,32,406,49a71986d69b
1704,113,32,415,a86302b30d2d
1705,113,32,414,7b5fa51b6199
1706,113,32,416,9a0dc53a4542
1707,113,32,443,5d5de26a24d4
1708,113,32,396,f0f4aef7afad
1709,113,32,439,b43621ca2e10
1710,113,9,105,062f55de2b9c
1711,114,32,402,c39076ed1494
1712,114,32,427,c45eb133abbf
1713,114,32,409,d44d3f59a7bb
1714,114,32,413,eb2ccc37c572
1715,114,32,419,d5a8a8bed306
1716,114,32,427,051d36cc7a8e
1717,114,32,426,a5203fa85bbc
1718,114,32,407,c867f5cd90d4
1719,114,32,441,90b4857bcf00
1720,114,32,459,5e21288e7b1b
1721,114,32,430,04c63b380bdf
1722,114,32,375,7264f9348b53
1723,114,32,409,25c86bc58267
1724,114,32,422,b74d73af149a
1725,114,9,113,99c4af9c1224
1726,115,32,401,8792472d4b42
1727,115,32,437,b953466a3389
1728,115,32,436,2a882c1b3e89
1729,115,32,406,d331f2ec431d
1730,115,32,442,f9f457a3661c
1731,115,32,383,7de776046950
1732,115,32,437,980e3f25b97a
1733,115,32,443,440b36c4f004
1734,115,32,390,59e91bb7eee2
1735,115,32,412,d88a8104659f
1736,115,32,432,a4b8e1630df4
1737,115,32,470,10dd61afc68c
1738,115,32,388,a3968a9efbf6
1739,115,32,384,472a043cc633
1740,115,9,118,b0a2dfce874e
1741,116,32,423,f7d615e2d5f1
1742,116,32,400,ead95111ba70
1743,116,32,461,ef413fd250d1
1744,116,32,418,2eaa7bc393e6
1745,116,32,350,65ede2228416
1746,116,32,411,88f64aa38de8
1747,116,32,454,4fef7a17a062
1748,116,32,454,94f8a84df879
1749,116,32,398,1c6b0a3fcddb
1750,116,32,406,31112686b06c
1751,116,32,433,c15cdf3197d8
1752,116,32,448,5a92607fcd08
1753,116,32,407,c5c39f73ffdf
1754,116,32,380,078ee74c2994
1755,116,9,136,208e30e71049
1756,117,32,406,e3d717dd67ea
1757,117,32,424,2d7d57bb3557
1758,117,32,457,22a3fce3ba47
1759,117,32,414,66e447ace08c
1760,117,32,435,53b4424afb7b
1761,117,32,433,fbeb766e1566
1762,117,32,419,d0f6ef54b95f
1763,117,32,384,919ec1ba3d5b
1764,117,32,395,bf975102b6e4
1765,117,32,413,ef6f206bd76e
1766,117,32,433,4f78be8484d4
1767,117,32,413,1eb4ef4cf930
1768,117,32,425,6df4c0661539
1769,117,32,438,42e68e240510
1770,117,9,90,09ec3979790f
1771,118,32,457,356cdd1460ef
1772,118,32,384,9156784018cb
1773,118,32,404,60ef90c93920
1774,118,32,384,66f715c595e2
1775,118,32,423,3ecbd517753b
1776,118,32,414,0ac03f5fcbfb
1777,118,32,454,9bac736a5880
1778,118,32,441,ce004ee1c85b
1779,118,32,406,964d951e2e82
1780,118,32,419,9f71ec7a73da
1781,118,32,392,4b64f40b6219
1782,118,32,414,92ba81f4ba0f
1783,118,32,431,05314e748fbd
1784,118,32,418,31f356aa355f
1785,118,9,138,c63cf45eb2e9
1786,119,32,374,c046993f3398
1787,119,32,463,cb4e2b67b79f
1788,119,32,427,e4355f2ca994
1789,119,32,398,b4fae81b157f
1790,119,32,366,74ee9b7a663a
1791,119,32,438,0b21c5ca710c
1792,119,32,453,e8badaa31e32
1793,119,32,427,e2e3b6b90230
1794,119,32,408,98c94370efee
1795,119,32,427,919eb17bb91b
1796,119,32,417,19774c254c2d
1797,119,32,436,bca158b3ae63
1798,119,32,420,92d23578754b
1799,119,32,409,8f3a47d60d9d
1800,119,9,116,8a505cd62635
1801,120,32,412,e8a9586aae21
1802,120,32,428,48eab8ef97ab
1803,120,32,408,82b299341a77
1804,120,32,437,6b613f4dc3d7
1805,120,32,390,d0cc576e522c
1806,120,32,404,1a10ad35838b
1807,120,32,445,4de6ce7f3a23
1808,120,32,413,cc3c8a5273ac
1809,120,32,414,1f1555f99eb0
1810,120,32,395,53c4922291e9
1811,120,32,425,3025e9370960
1812,120,32,428,913f910702bf
1813,120,32,424,5b54d75e566c
1814,120,32,427,5724902d6792
1815,120,9,129,f749b0ab1400
1816,121,32,430,cfaabd3f9cda
1817,121,32,447,7bd9acc0ae83
1818,121,32,420,d5fb7e21dda6
1819,121,32,419,8f9e49e22b90
1820,121,32,424,b83d9d67e99b
1821,121,32,453,ca50979a3bef
1822,121,32,400,94f56d440fef
1823,121,32,423,663105f946c8
1824,121,32,372,ad4ff03e67bd
1825,121,32,388,93983eba61fa
1826,121,32,463,2574badbecec
1827,121,32,387,f40220736ff8
1828,121,32,411,18a1dab28bf2
1829,121,32,427,bbb67ca8fe30
1830,121,9,115,a546368111d0
1831,122,32,419,f87439478f3b
1832,122,32,416,5538e1a49d83
1833,122,32,396,d79e2050ce7b
1834,122,32,426,a000db38c2a7
1835,122,32,413,75cf43f93189
1836,122,32,406,703022f36cbe
1837,122,32,415,9460f2bbf9f6
1838,122,32,380,36bca2981c98
1839,122,32,446,c911df5b39b4
1840,122,32,365,995079c9f51f
1841,122,32,426,2f11599b6164
1842,122,32,427,9c9fd68cb070
1843,122,32,448,e1986de30608
1844,122,32,469,bbfe2910e31d
1845,122,9,127,af3c8548866b
1846,123,32,437,5e1d9387eb63
1847,123,32,417,05934bf4a81c
1848,123,32,446,b424f6938803
1849,123,32,417,95003d58f805
1850,123,32,406,4cb2ded3499d
1851,123,32,383,4db45b500c74
1852,123,32,378,47d05dd53e69
1853,123,32,442,e9f7225958eb
1854,123,32,454,2dd8a024fc3b
1855,123,32,421,c4353b027413
1856,123,32,360,35e1d60176b2
1857,123,32,445,581e4f5ba15b
1858,123,32,391,10f974673638
1859,123,32,457,550c96bd7464
1860,123,9,125,f24661771a71
1861,124,32,406,6928f9146a4b
1862,124,32,376,4295c4f4ddd9
1863,124,32,473,ddd29eac2e35
1864,124,32,426,2434891c070b
1865,124,32,420,fe87df5fa1db
1866,124,32,417,dd18cbc4963c
1867,124,32,436,1603656e93d2
1868,124,32,368,68ca2a4600fb
1869,124,32,402,57335cfe7c6e
1870,124,32,456,f50764d6709a
1871,124,32,405,a2fe52f7e4a7
1872,124,32,413,dc6754cd16fd
1873,124,32,449,90822d66da83
1874,124,32,422,201ab283de8a
1875,124,9,110,7300339c3031
1876,125,32,454,c40cf2d0c1a6
1877,125,32,401,1618a588fdc2
1878,125,32,429,e4b90995f7d8
1879,125,32,424,c9602b5bd1c4
1880,125,32,431,b5023addcbd8
1881,125,32,390,836d72611d58
1882,125,32,409,96a4d32d928a
1883,125,32,407,26166db549f2
1884,125,32,443,397899e86a6b
1885,125,32,388,819d04222154
1886,125,32,430,e15d91b37288
1887,125,32,416,1453c8275602
1888,125,32,415,668b76b62aa7
1889,125,32,441,e3db22a05077
1890,125,9,101,d2fbb38a716a
1891,126,32,434,55822177aaf8
1892,126,32,443,f60a3eb3145b
1893,126,32,427,cd772c7c9df5
1894,126,32,427,50bb70dc006b
1895,126,32,424,88338904528e
1896,126,32,448,5b5e3a4a76bb
1897,126,32,399,d6e87fe61579
1898,126,32,381,dfad403e3514
1899,126,32,391,2de7f4b84336
1900,126,32,444,3a409cefac31
1901,126,32,422,7e2616760d4e
1902,126,32,430,05a0502335cf
1903,126,32,387,44fbb1efe2b6
1904,126,32,413,e791ad1080cc
1905,126,9,109,71e2f13c5f33
1906,127,32,429,937241c8049a
1907,127,32,416,a6d2c1cc7b30
1908,127,32,418,9156030be8da
1909,127,32,417,22fdf1017206
1910,127,32,395,7462ce434a69
1911,127,32,378,6df4c8a9918e
1912,127,32,425,569448c1a858
1913,127,32,431,903eb5de7f00
1914,127,32,423,8b30be49e56e
1915,127,32,421,12c301146721
1916,127,32,433,bbad37f2c123
1917,127,32,397,fc18564d42da
1918,127,32,419,5d4fa1751d66
1919,127,32,467,e071cd7e8e20
1920,127,9,110,f17338cf34e6
1921,128,32,386,786084701092
1922,128,32,404,86d732f652e1
1923,128,32,409,16e0ab080463
1924,128,32,410,a92d3ff6e9d7
1925,128,32,430,63973e65cee7
1926,128,32,435,38f8be88be02
1927,128,32,408,c329c893b377
1928,128,32,465,3453e0df1105
1929,128,32,438,4dce7b6e9bcf
1930,128,32,424,2716c62971e8
1931,128,32,428,b32ebcf8f3a6
1932,128,32,412,07ee8b138bd4
1933,128,32,422,ebcce68e693a
1934,128,32,402,1d1e2aeffcd0
1935,128,9,106,42bea3db6071
1936,129,32,432,440abeb9fc8d
1937,129,32,384,2c2fd6860f49
1938,129,32,403,d10b8c4abbad
1939,129,32,416,300167de8881
1940,129,32,383,764874c02387
1941,129,32,385,6808c46174ee
1942,129,32,452,5ab4b09e3d60
1943,129,32,448,725b92665bb3
1944,129,32,427,e91799da0b11
1945,129,32,428,94810f35fefb
1946,129,32,419,1b181a985ee0
1947,129,32,434,f090188f1e1b
1948,129,32,414,6150cbbc2377
1949,129,32,424,716835cca1b8
1950,129,9,130,7047cb7eb148
1951,130,32,439,b93cc87a41b5
1952,130,32,420,cbe018d9ea3a
1953,130,32,401,341442be0eaf
1954,130,32,465,a98d8e69df02
1955,130,32,400,f28f292ff602
1956,130,32,410,68dc581ec2cf
1957,130,32,368,897ca7c2484f
1958,130,32,429,e7e066ddc2f7
1959,130,32,412,d4d74564bd9c
1960,130,32,413,9c8bae7976fa
1961,130,32,416,5a2a3a938af2
1962,130,32,404,a82eafe7363d
1963,130,32,454,6d96d3bbeaee
1964,130,32,429,89fe9ee7f93e
1965,130,9,119,ee530794f772
1966,131,32,448,dd0e6d3237f9
1967,131,32,367,50023d8ca1a8
1968,131,32,439,e8516cd71c9a
1969,131,32,413,4e13e9c398af
1970,131,32,423,e193964ee5e0
1971,131,32,426,c43bf2af935d
1972,131,32,400,0b97dae45ac0
1973,131,32,436,f0718f0e754f
1974,131,32,421,236721c2d794
1975,131,32,390,1d799c85c2b4
1976,131,32,429,a0122270dc92
1977,131,32,421,6b5b2e85a1e5
1978,131,32,422,c355b3389beb
1979,131,32,429,85ed47529f31
1980,131,9,115,76d12a783dc9
1981,132,32,416,8769e186653a
1982,132,32,403,197832fceabd
1983,132,32,488,9ecd27d1b458
1984,132,32,416,164d6628a2c1
1985,132,32,427,92f8a599d56d
1986,132,32,391,79cf7594cd26
1987,132,32,427,d6adccd059eb
1988,132,32,408,41560873fb0d
1989,132,32,447,ef6117870165
1990,132,32,416,81d85dd624d7
1991,132,32,370,07b5ba18f5ff
1992,132,32,457,295d6e9e7dda
1993,132,32,418,20875e286c87
1994,132,32,383,757f25fd273a
1995,132,9,112,cd72897606fe
1996,133,32,451,b3fe2ff5ca6d
1997,133,32,436,d7161130f2c7
1998,133,32,415,95a79701af14
1999,133,32,424,381ee2bb5332
2000,133,32,417,b8ebfc065d05
2001,133,32,437,07b0f34d8826
2002,133,32,440,2bdfed1dfac6
2003,133,32,407,0e171440bd64
2004,133,32,446,6956179a64a7
2005,133,32,441,e5e9ddad076f
2006,133,32,392,7343d9c02197
2007,133,32,341,94d49ce182cf
2008,133,32,428,f5eafe5be14f
2009,133,32,394,ff632db76c86
2010,133,9,110,b6879f3fe95f
2011,134,32,428,d913b978ac63
2012,134,32,430,b7b100ca0873
2013,134,32,431,2dfe82136fad
2014,134,32,446,bb66b045bed1
2015,134,32,458,aa1e02fc3148
2016,134,32,383,74beb458054f
2017,134,32,417,cdb115dba40c
2018,134,32,439,6116ebc0aa93
2019,134,32,364,71e2dc0e9b19
2020,134,32,419,27776092825d
2021,134,32,413,c21c49e3eb3c
2022,134,32,386,28bb9916a9dc
2023,134,32,435,7756a8a66482
2024,134,32,413,83d51547bb7b
2025,134,9,117,11ec3fb18a68
2026,135,32,401,9304492c50be
2027,135,32,426,84b171c30825
2028,135,32,458,ff4b7e25123f
2029,135,32,414,62b1d510a6f3
2030,135,32,397,68be7e939b7f
2031,135,32,459,786ef2c4ac23
2032,135,32,411,3b73701c3d2b
2033,135,32,433,5f81b7ad5803
2034,135,32,401,862de70d68dc
2035,135,32,386,37d75fb46394
2036,135,32,444,f309d7ffcd1b
2037,135,32,391,476524d3c14d
2038,135,32,408,7824743d2454
2039,135,32,427,64938bce80a8
2040,135,9,123,5c8affbf31ff
2041,136,32,430,ab4b20ee0f89
2042,136,32,376,81df2a203ad5
2043,136,32,459,72bc1526fdff
2044,136,32,429,0685b481ac0f
2045,136,32,437,f3e0b734bcb3
2046,136,32,419,b929f6383a3b
2047,136,32,477,5dcad61388a8
2048,136,32,412,05d9ba225bea
2049,136,32,416,2752d6d29dcb
2050,136,32,414,1c0df2ad0e7d
2051,136,32,398,687d5c2c2b56
2052,136,32,409,1934e5531fdd
2053,136,32,384,2eb7660f81e6
2054,136,32,406,06fcea41943f
2055,136,9,113,0dbda9b5a67e
2056,137,32,422,8d99998cf2d5
2057,137,32,392,b06e65dce91e
2058,137,32,460,7d67b69c8132
2059,137,32,415,eb6798bbef98
2060,137,32,409,6fac961a0b99
2061,137,32,451,067f5da0c390
2062,137,32,387,c53f413c2e4f
2063,137,32,390,be36d67cd92a
2064,137,32,409,acd9a7fcffa2
2065,137,32,403,d1f810c85a04
2066,137,32,434,aec1cfba4612
2067,137,32,437,c1af2b2b7176
2068,137,32,445,d3c90675c313
2069,137,32,431,732e6411cd4e
2070,137,9,94,788cee8bd934
2071,138,32,436,93cece76e1a5
2072,138,32,471,e1f66146d23e
2073,138,32,403,fe74ceae6864
2074,138,32,386,c6068a34e06c
2075,138,32,414,a51a6c58547b
2076,138,32,442,cbd195a7f956
2077,138,32,421,6157fd5cae35
2078,138,32,419,a9bdce6f9b6f
2079,138,32,369,4dccc7fe7f60
2080,138,32,417,c47b6e8398ea
2081,138,32,420,6abc83e81e5d
2082,138,32,456,767e0f84bca9
2083,138,32,424,d668bd159792
2084,138,32,383,2e0b27816805
2085,138,9,118,b85f94c3ffb1
2086,139,32,432,92aece512fef
2087,139,32,374,92981781dc25
2088,139,32,440,cbdfcfdf1af6
2089,139,32,436,a69946e98ec6
2090,139,32,437,9be5e02495ad
2091,139,32,369,1a7e07526410
2092,139,32,446,bfe9caad49a9
2093,139,32,404,9c3a64b59877
2094,139,32,452,aa14b84f40f6
2095,139,32,401,9f574a507339
2096,139,32,404,4b7b00aeabeb
2097,139,32,420,e10c0d0a9db4
2098,139,32,423,6d74c425b407
2099,139,32,406,978462282d90
2100,139,9,135,55a099671857
2101,140,32,415,1516245267bd
2102,140,32,417,8699f94fe17b
2103,140,32,394,81d437e4dbc3
2104,140,32,414,0c8d6caf722a
2105,140,32,416,78fb85e3dbf3
2106,140,32,400,bfae83c872a8
2107,140,32,393,28e171d4f7e1
2108,140,32,433,af7719e171d8
2109,140,32,430,5314be63d2c5
2110,140,32,424,8a3e2d82da28
2111,140,32,411,6ec6dd752700
2112,140,32,441,378655d29bd7
2113,140,32,435,b5b6f75c271d
2114,140,32,446,d5a4f4593ad2
2115,140,9,110,a8ccbbf09a4a
2116,141,32,419,28e3258d615c
2117,141,32,414,a15e2bd829b0
2118,141,32,418,0ccb1f301cd6
2119,141,32,426,f19b5e9937d1
2120,141,32,437,dcf655b4507e
2121,141,32,427,0aa262060040
2122,141,32,439,804f3e9352ba
2123,141,32,406,664fd8f7381c
2124,141,32,401,8754d6b5e32b
2125,141,32,426,d797469e4fff
2126,141,32,441,bc329619e400
2127,141,32,445,5a226486f576
2128,141,32,398,9ccd54da0550
2129,141,32,387,a18e6de8c26c
2130,141,9,95,9b6864ebe693
2131,142,32,390,ab85bf0feee3
2132,142,32,435,aab9ebe41d14
2133,142,32,426,10c60056b960
2134,142,32,429,4031bd00d1cc
2135,142,32,463,09f245b60f12
2136,142,32,378,99539dfe2ee1
2137,142,32,476,78ddc8290aec
2138,142,32,390,b6ac87b292a3
2139,142,32,399,a343a56f7839
2140,142,32,423,62f72bf30a17
2141,142,32,441,a19f9416f310
2142,142,32,426,ca8f11c36760
2143,142,32,382,b6bf3a298f15
2144,142,32,424,74faaa945162
2145,142,9,97,90c20f5ac91a
2146,143,32,400,0efaea6622fd
2147,143,32,413,05e680dc1051
2148,143,32,432,3665686808ec
2149,143,32,432,ac970094f606
2150,143,32,413,78fd566b1c77
2151,143,32,412,19657f0d47ee
2152,143,32,418,3901ed5f0ca5
2153,143,32,447,877e1682f683
2154,143,32,411,860f4653daf4
2155,143,32,443,e63ca2fa5265
2156,143,32,395,6dd8d312180d
2157,143,32,412,8ff4b6721e21
2158,143,32,393,a5090de932a9
2159,143,32,457,324974c06f7c
2160,143,9,101,fff7d9c3ae69
2161,144,32,426,2757d9982dc4
2162,144,32,416,57c547b8a437
2163,144,32,417,8a44e3fc56dd
2164,144,32,408,9609bb2be497
2165,144,32,419,cb335ec16912
2166,144,32,430,e22384b562aa
2167,144,32,382,9eaf8e928533
2168,144,32,418,a809f47714ae
2169,144,32,430,7c0d07ef0b24
2170,144,32,457,27282314749c
2171,144,32,410,cbc93974b947
2172,144,32,433,8b9d1019caa6
2173,144,32,415,809a5fbe8470
2174,144,32,388,1d5e03a910dc
2175,144,9,130,a60a1c1f9b7b
2176,145,32,396,59a76c39c3a3
2177,145,32,412,953aa84fc609
2178,145,32,428,49c69a01a6fc
2179,145,32,428,be84618d7e1e
2180,145,32,473,eef2391772cd
2181,145,32,422,dd7f98de208b
2182,145,32,346,73b519bc0032
2183,145,32,395,2b3cc71f1e4f
2184,145,32,439,72a889f1113e
2185,145,32,393,50be1500f93a
2186,145,32,429,92471535da3a
2187,145,32,428,e737a10a3176
2188,145,32,437,208bb6711a94
2189,145,32,436,ae39f09ddce8
2190,145,9,117,f7ab1ad41aee
2191,146,32,445,540c9588e029
2192,146,32,431,8a14242c6d30
2193,146,32,433,560c52697d7c
2194,146,32,433,410cadb33492
2195,146,32,371,d86ac281da7a
2196,146,32,424,9908f5ed4578
2197,146,32,411,57019e837f57
2198,146,32,423,cb0a182737ea
2199,146,32,415,ff7862fd2aba
2200,146,32,381,83e65f40e150
2201,146,32,446,fe77e0ac56a7
2202,146,32,414,50c54ee21f8e
2203,146,32,410,e9460b6eed43
2204,146,32,425,bd867e320c50
2205,146,9,117,618791b9984b
2206,147,32,381,d29a722430e0
2207,147,32,407,0d43e943768d
2208,147,32,432,55c974b01562
2209,147,32,429,5f6eaeb43df7
2210,147,32,402,e778847cb459
2211,147,32,406,785ff6de3c1c
2212,147,32,426,e532f5280639
2213,147,32,460,1652070604ee
2214,147,32,429,7ac15cb409c7
2215,147,32,464,4e603173ec62
2216,147,32,381,7b3c81c18b1c
2217,147,32,439,9e0220358833
2218,147,32,372,1bee94238350
2219,147,32,431,e0c680a51795
2220,147,9,120,d1b47687a67c
2221,148,32,436,629d112c19ac
2222,148,32,421,fc8d66529dec
2223,148,32,430,038628e193b8
2224,148,32,448,cf056872df00
2225,148,32,387,fdf5aecec3e7
2226,148,32,409,bfd59d22b3d1
2227,148,32,424,ed58358fc7cc
2228,148,32,468,202aa2eec114
2229,148,32,426,ba27d144cb93
2230,148,32,403,7aa82273892d
2231,148,32,439,ea015d0cf2aa
2232,148,32,362,b6eb14459ee3
2233,148,32,387,295f64c803b1
2234,148,32,409,746294e0a639
2235,148,9,130,ef10295334e9
2236,149,32,440,6b05a0bef037
2237,149,32,389,deffc84e007c
2238,149,32,406,1be20f0e313b
2239,149,32,430,6d4d81033206
2240,149,32,453,91decb2605fa
2241,149,32,414,d74423a05490
2242,149,32,462,a8e166d350e9
2243,149,32,420,52b88a168c40
2244,149,32,374,6514b9ebed06
2245,149,32,451,c63857ca8464
2246,149,32,403,2dfd8a59caa2
2247,149,32,382,c9f36631054f
2248,149,32,445,a646b2aec534
2249,149,32,395,c7db5f0ac632
2250,149,9,115,e2efea3ad2b4
2251,150,32,419,2265df577cc2
2252,150,32,448,b6796477ab6b
2253,150,32,436,9e8f4c02bcf6
2254,150,32,390,4ddeeff9b5a0
2255,150,32,383,f6904c77bf05
2256,150,32,428,c662745b6184
2257,150,32,446,5d6702ea9bc9
2258,150,32,394,9a14bbfeb7d5
2259,150,32,444,9b094ccb002f
2260,150,32,435,9236a5b342d8
2261,150,32,430,5dc83532f501
2262,150,32,431,1cab53b7fa4d
2263,150,32,405,ad5a020a9c1c
2264,150,32,383,eb0239935fd6
2265,150,9,107,9e4dfe505176
2266,151,32,404,5919c8030503
2267,151,32,443,71d8e6daf67b
2268,151,32,447,f45b5efcb5d7
2269,151,32,409,3e3eda976388
2270,151,32,432,24536ac6723c
2271,151,32,398,d6220eed007e
2272,151,32,446,6f8695f649df
2273,151,32,417,d5c8e66aade6
2274,151,32,371,8a04b0f3b24e
2275,151,32,410,a4f1a24d5ae5
2276,151,32,442,c2781285b48b
2277,151,32,415,4245d7da4bd4
2278,151,32,413,9f007cfb2ef5
2279,151,32,390,f3608a78c254
2280,151,9,142,0380178afad9
2281,152,32,431,6f940f74f4cb
2282,152,32,393,78546fba8a51
2283,152,32,424,e439b70f03ef
2284,152,32,420,227d48ebb929
2285,152,32,408,26e2d58a1118
2286,152,32,436,d7072138a239
2287,152,32,414,d3b1e3c9acf1
2288,152,32,422,ca7a21db3716
2289,152,32,390,6fc41b60d934
2290,152,32,413,dd1296459373
2291,152,32,412,c367e4181b86
2292,152,32,438,862dd91b6eb5
2293,152,32,422,de70870a7e0a
2294,152,32,424,ccd35bbbd356
2295,152,9,132,e64e5ff5f6a7
2296,153,32,403,c4949bd9b29e
2297,153,32,353,49b008f99a36
2298,153,32,418,be42bd7bda9d
2299,153,32,446,890e5c837e0c
2300,153,32,397,9ee06d0393ad
2301,153,32,417,1242a774f88a
2302,153,32,455,b2704fe2ebd7
2303,153,32,434,26e710fd57e0
2304,153,32,401,cc487c2ecb45
2305,153,32,459,7bedc0824317
2306,153,32,418,36981357c834
2307,153,32,428,8e49f38d2155
2308,153,32,417,d14d4038c426
2309,153,32,422,fa759f2bd595
2310,153,9,111,26fd626a9747
2311,154,32,453,6f3489a05074
2312,154,32,411,54cc9ae275e3
2313,154,32,416,d790cb1bb054
2314,154,32,422,ff627b67a0df
2315,154,32,447,7aa01a56eb1d
2316,154,32,416,4e726ef600f1
2317,154,32,387,66dc6e9fec50
2318,154,32,412,f0f10c396e1c
2319,154,32,470,0cb8474c168c
2320,154,32,423,a59ec6807b00
2321,154,32,379,3fef98bc37b3
2322,154,32,401,257901cd724f
2323,154,32,400,7c43b9e5ddd6
2324,154,32,425,136dcff4894a
2325,154,9,117,2ffc304b7061
2326,155,32,435,c84b0440c718
2327,155,32,437,c2c1030f6e06
2328,155,32,407,22dbe7f24dcc
2329,155,32,429,8bc4bf0dabf8
2330,155,32,429,7a9fa3003e44
2331,155,32,398,3bf10d5348a8
2332,155,32,390,a6d68437e745
2333,155,32,394,46312c5d2d2a
2334,155,32,417,c2c1f005b72c
2335,155,32,424,97b3fd5d3e95
2336,155,32,397,57caf4a51a1a
2337,155,32,501,e139e45b9280
2338,155,32,416,fbb91870f8ea
2339,155,32,394,80b520c1fb53
2340,155,9,111,149c1a8f3cd4
2341,156,32,460,2ba42fb96753
2342,156,32,422,53a31dc2d89f
2343,156,32,436,ff26471bacae
2344,156,32,412,bd41274e0fac
2345,156,32,421,94b33e8f65b7
2346,156,32,409,f19b34528df8
2347,156,32,412,0c9b68c6874e
2348,156,32,407,694cb477803f
2349,156,32,399,a2984c437fb1
2350,156,32,410,07f30c800170
2351,156,32,395,043a6eaa28f0
2352,156,32,417,6fc078e5e3e4
2353,156,32,417,1f35b190b1f6
2354,156,32,448,5dc52e7d6768
2355,156,9,114,77c9d375718b
2356,157,32,440,d9b2062119ed
2357,157,32,407,554f423f7bca
2358,157,32,411,5cf8590817d6
2359,157,32,378,1e8c2dcce5d6
2360,157,32,417,010f4aa2877b
2361,157,32,400,68b523a9ba17
2362,157,32,439,2c227cb927c9
2363,157,32,381,82c74f007d6f
2364,157,32,447,1ffdc5ca0962
2365,157,32,423,eecb443945d5
2366,157,32,406,8c554e3da49c
2367,157,32,409,ff2b7f95ad21
2368,157,32,457,424ac96a7222
2369,157,32,464,4542b54415aa
2370,157,9,100,d774fc7888d5
2371,158,32,425,c51d367bec69
2372,158,32,466,216e43972937
2373,158,32,419,d779db352d82
2374,158,32,452,d467c68c211c
2375,158,32,387,47406cc7b106
2376,158,32,405,beaca2c7ba18
2377,158,32,414,4ab6cf357766
2378,158,32,419,13ed58e50f7e
2379,158,32,416,6ad57f361c07
2380,158,32,419,49d0479e3ce2
2381,158,32,405,e60c13ec4c9a
2382,158,32,419,d1602009c0cf
2383,158,32,435,c9a2e89edd59
2384,158,32,384,0311f1c6e21b
2385,158,9,114,cc322611c9c1
2386,159,32,419,71aeccc55866
2387,159,32,454,e236a20738e2
2388,159,32,420,465a0c6a4f8e
2389,159,32,424,c69cb5db514e
2390,159,32,421,5f2bab476b6c
2391,159,32,407,7c01c429e4de
2392,159,32,444,1983725b8469
2393,159,32,427,06ec7f01cf96
2394,159,32,411,8f5254cc1fe5
2395,159,32,390,4c0c3e69c853
2396,159,32,463,bff720bce591
2397,159,32,406,1069477110ca
2398,159,32,378,bd70b71ff443
2399,159,32,412,8db206d17743
2400,159,9,103,646b5dbbba72
2401,160,32,401,79792bec1214
2402,160,32,412,29aa9ad5ce08
2403,160,32,435,e51e401b69cd
2404,160,32,404,899c515b0b09
2405,160,32,402,6c72591f4494
2406,160,32,414,1d12e3b5a39a
2407,160,32,411,6e327518a6a8
2408,160,32,456,d025b1aa474a
2409,160,32,384,6dd0b2cdf66c
2410,160,32,387,df8d6a643508
2411,160,32,439,3f0b38d0a60a
2412,160,32,431,ae248c6ae515
2413,160,32,457,d64472a5899e
2414,160,32,428,45fc20a61123
2415,160,9,118,f046a4c9cde4
2416,161,32,448,f54019155a9f
2417,161,32,429,12556e6e0a94
2418,161,32,415,6f9fa6f4ae2f
2419,161,32,426,4c87b7aff4c4
2420,161,32,461,34ab48142a01
2421,161,32,404,81f230a9080b
2422,161,32,427,bb3cd6db5215
2423,161,32,389,cb42735a4cd0
2424,161,32,417,57ffced2da15
2425,161,32,444,585080849bc1
2426,161,32,399,6cc9aca64645
2427,161,32,391,70f6c44b91d6
2428,161,32,410,63ff9405cd11
2429,161,32,412,9941be1cdee1
2430,161,9,107,fa611ccd8ec8
2431,162,32,405,286f50b2da4c
2432,162,32,411,f637c4a24a9f
2433,162,32,411,38b8cae3a964
2434,162,32,406,b5412cc578b8
2435,162,32,427,a8ce079b5415
2436,162,32,444,49e157c9168e
2437,162,32,416,06ca172a823b
2438,162,32,423,3d39120eb84f
2439,162,32,416,0c6e8d4bf2ec
2440,162,32,405,7e4797e05376
2441,162,32,424,a2bfb1522633
2442,162,32,433,7ebdceb823a2
2443,162,32,408,264dfbfc0c00
2444,162,32,445,e456572e9d0e
2445,162,9,105,95647676727e
2446,163,32,432,388ce3ec53f0
2447,163,32,390,90799ed4dc41
2448,163,32,420,33e8b64faf44
2449,163,32,420,0accdbd74d5f
2450,163,32,453,1891e50b1ea4
2451,163,32,424,7a0e346a0b5e
2452,163,32,416,55247f7b5d6b
2453,163,32,410,c93bbd51b214
2454,163,32,444,e6a7ff14d51b
2455,163,32,418,5dcc59b2bc6b
2456,163,32,415,8f7edbdb8db9
2457,163,32,389,cb1841b576a1
2458,163,32,400,70b101ea0497
2459,163,32,430,c6798a5db00b
2460,163,9,118,3ba81210480d
2461,164,32,422,e6be2c3aa24f
2462,164,32,420,48170cd1b293
2463,164,32,399,d546786ed5e3
2464,164,32,406,8ed85cd0071f
2465,164,32,413,5b6ada38d919
2466,164,32,429,b842f1d42c32
2467,164,32,406,4e7d86ab7846
2468,164,32,421,c597824ff9a8
2469,164,32,390,d1d2c473ad39
2470,164,32,408,22b8151c7859
2471,164,32,436,9d6180f5b034
2472,164,32,435,64b3b4eec982
2473,164,32,442,2b3b4c88ae74
2474,164,32,436,c12a787d0cf7
2475,164,9,116,5b6db1e12b5a
2476,165,32,441,53903f357c69
2477,165,32,391,ce6029674f7d
2478,165,32,450,894cbc22019f
2479,165,32,406,247d0dfe6671
2480,165,32,389,80b11a94c898
2481,165,32,423,3191be470563
2482,165,32,434,7ce5ebc9e01e
2483,165,32,452,e6bc99032c77
2484,165,32,419,e526803dd3e8
2485,165,32,405,11985a600960
2486,165,32,412,fc8655f49127
2487,165,32,406,a911251572da
2488,165,32,447,a9a88e8ebbd3
2489,165,32,406,8b3ae2623b95
2490,165,9,98,85727e10fcaf
2491,166,32,399,4d48e8150ada
2492,166,32,512,4fb662420f28
2493,166,32,401,f212eac882ce
2494,166,32,430,06cb815e4835
2495,166,32,382,d4c2944c6ea5
2496,166,32,461,eef1293e6818
2497,166,32,412,17b79cd7ba8f
2498,166,32,419,abbbb619ad56
2499,166,32,412,20fe9ab49159
2500,166,32,366,38652bad678a
2501,166,32,430,e3be82f73c01
2502,166,32,457,587155197479
2503,166,32,425,2a993fcdc7b3
2504,166,32,364,59577d22af85
2505,166,9,109,661cbcb25031
2506,167,32,444,5873022cd33c
2507,167,32,389,72f4e26f1939
2508,167,32,392,bf9cb3f64f4a
2509,167,32,398,3808a11d9b88
2510,167,32,401,e330a67374b3
2511,167,32,417,4a8dc1866566
2512,167,32,454,2a335b58be52
2513,167,32,442,f385891ad68d
2514,167,32,433,537abda9ddc2
2515,167,32,375,f27e88f87f43
2516,167,32,434,c33d0bd0e35c
2517,167,32,418,211992353756
2518,167,32,429,9fa125242459
2519,167,32,425,a77e49e478be
2520,167,9,128,027bf024c9f5
2521,168,32,417,37cdfb91156b
2522,168,32,467,72e547897162
2523,168,32,421,73e7f1fd08cf
2524,168,32,454,a76ad01f8d41
2525,168,32,478,776f6b33d4c7
2526,168,32,411,49163d754c69
2527,168,32,356,88a345f1221a
2528,168,32,429,f17c39f25051
2529,168,32,344,01ea9fd52660
2530,168,32,415,7e5308ef20b8
2531,168,32,406,9c70f0d27035
2532,168,32,417,c848f0f42bd9
2533,168,32,436,be9d5218d78b
2534,168,32,430,b30bd5fac334
2535,168,9,98,0b60db6aeebc
2536,169,32,461,57879f9f3110
2537,169,32,396,6c6ad7261894
2538,169,32,368,bfa2e4dfe631
2539,169,32,390,23909df43436
2540,169,32,450,2078458445c6
2541,169,32,413,04d9d44ef632
2542,169,32,454,01809ea5474d
2543,169,32,425,37567b5b9826
2544,169,32,432,8676ffec8143
2545,169,32,444,3071e2b8e60c
2546,169,32,406,8bd070aab204
2547,169,32,418,98220d5bda63
2548,169,32,398,059e17ae6942
2549,169,32,416,7c056c60b982
2550,169,9,108,e32f650128dd
2551,170,32,459,f6d740f7efc4
2552,170,32,453,4d9367b63981
2553,170,32,381,b41f253e0d79
2554,170,32,439,34c3ae5e382a
2555,170,32,422,fcbfe5f640ec
2556,170,32,443,332abb2db4eb
2557,170,32,415,8899a03e1604
2558,170,32,390,c634c9a127a7
2559,170,32,442,c6de57cac5fe
2560,170,32,446,e678c35c570b
2561,170,32,429,1514b39ae4f7
2562,170,32,380,c89ccddaf29b
2563,170,32,385,d84632ad10ff
2564,170,32,369,f0d735bef17e
2565,170,9,126,5d75b464ac2c
2566,171,32,434,d8b69e6ce9ec
2567,171,32,437,0178fbec755e
2568,171,32,389,a06026cb5454
2569,171,32,411,b4db5c8f7bc6
2570,171,32,401,3c7a95a17742
2571,171,32,426,40e99353fc89
2572,171,32,406,18c305ac9895
2573,171,32,389,033cf1046a9c
2574,171,32,444,1dbd6fac7dc5
2575,171,32,451,37c3526970bc
2576,171,32,410,162a14dbc2f5
2577,171,32,395,fe6be9ce374a
2578,171,32,436,4a5f3001ea08
2579,171,32,424,f2006f520c2f
2580,171,9,126,9b9f1572510f
2581,172,32,403,21d08ba84147
2582,172,32,436,c2a02b1aa9cb
2583,172,32,405,16e17efb06c2
2584,172,32,408,1e70cfbeb44c
2585,172,32,440,1046e7b8db16
2586,172,32,405,94062fb9f7bf
2587,172,32,452,832b24c5d13e
2588,172,32,418,6223115f48a0
2589,172,32,408,3c8759c367f3
2590,172,32,423,f783cd11a1a0
2591,172,32,421,25b2d0c3f275
2592,172,32,421,0e0e7737d61d
2593,172,32,439,e5050a22d4a7
2594,172,32,394,fc06a8b9714a
2595,172,9,106,c9be29580172
2596,173,32,386,7505b44a6792
2597,173,32,444,29a6c98fdc86
2598,173,32,410,63dca633dcb0
2599,173,32,396,8eda25af19ee
2600,173,32,418,ab73d1cdd600
2601,173,32,425,e70a72fbd3c3
2602,173,32,407,97c43ce368e4
2603,173,32,434,c6012217fb74
2604,173,32,393,fe9a7aeb16e0
2605,173,32,443,8564fe7b665e
2606,173,32,399,5a8de4a29418
2607,173,32,408,36c58747c1a0
2608,173,32,446,830c675e5656
2609,173,32,441,bafb6a74d614
2610,173,9,129,573bd8446495
2611,174,32,397,f9ebec73197e
2612,174,32,391,e1c420a349a9
2613,174,32,413,78fa38aebdd6
2614,174,32,443,5c2f42888232
2615,174,32,425,c9fda3301d62
2616,174,32,436,693fde274519
2617,174,32,371,65035a04cc0b
2618,174,32,462,c70dc24a875d
2619,174,32,428,5da11243cfb5
2620,174,32,400,af80345434ee
2621,174,32,417,d0de328f3faf
2622,174,32,446,3dd450d6c074
2623,174,32,422,572c2f61f1bb
2624,174,32,417,54790a687806
2625,174,9,111,9f83dcdea1dd
2626,175,32,426,04597eb8b82d
2627,175,32,400,c81d14394b15
2628,175,32,418,358a1162c322
2629,175,32,425,136cb65c36d8
2630,175,32,392,b61cc8c1d150
2631,175,32,450,205a949c91dd
2632,175,32,431,68788aeb17b7
2633,175,32,411,edc4b05e9bde
2634,175,32,403,75af5a36008b
2635,175,32,410,ba9e307f8389
2636,175,32,471,7bfef8e7e000
2637,175,32,402,39ea9ec532e6
2638,175,32,465,10dd09140fe5
2639,175,32,365,df684430bb8e
2640,175,9,110,39ced3ad96fc
2641,176,32,387,29545ce693c8
2642,176,32,447,54c95aa1419a
2643,176,32,398,4797ccb5bba3
2644,176,32,437,a0a6c1b1ca6a
2645,176,32,419,0240126b2dfe
2646,176,32,444,fabe64f5407b
2647,176,32,426,3321b6ad117a
2648,176,32,441,22aca0d0706a
2649,176,32,410,947b5a081ac9
2650,176,32,427,00fb2bed3ac3
2651,176,32,411,189ac981cde2
2652,176,32,399,c45a2c5b7eef
2653,176,32,406,82b3a342f5ae
2654,176,32,425,1027a6b7cc34
2655,176,9,102,f4347702bdad
2656,177,32,424,ad6bcb1f8dfe
2657,177,32,440,417afc11a5ca
2658,177,32,405,f12bfc1ee309
2659,177,32,434,836d54be6be6
2660,177,32,365,320f647d3805
2661,177,32,366,f7f671633201
2662,177,32,436,7c794ccee254
2663,177,32,407,369e7b098a76
2664,177,32,433,c9293c7ab61c
2665,177,32,404,37bd81067715
2666,177,32,430,04589ffac40a
2667,177,32,442,7a0d8194a5c2
2668,177,32,438,b70e1ba4e38b
2669,177,32,458,705c6c1217b5
2670,177,9,97,7080084c2134
2671,178,32,414,f62379bfa1a5
2672,178,32,432,97ef03cdecc5
2673,178,32,416,730dd9c687b4
2674,178,32,411,df452f3e7103
2675,178,32,434,f6adb7b3402b
2676,178,32,429,737d903fe3d1
2677,178,32,445,2ac4704c7e1b
2678,178,32,407,bf535949dbd5
2679,178,32,436,c56498090824
2680,178,32,389,f1df174ab488
2681,178,32,411,46cec996a20c
2682,178,32,423,beecb918439d
2683,178,32,453,884af38763d7
2684,178,32,363,3ca18851aed8
2685,178,9,116,9835d985c084
2686,179,32,471,4641d44f5146
2687,179,32,424,fa15a0fc6d79
2688,179,32,364,d644366e9341
2689,179,32,452,1f038fdd43d1
2690,179,32,486,0f4cd731035c
2691,179,32,379,a125920357af
2692,179,32,456,e71767f4a871
2693,179,32,382,9b82553f988b
2694,179,32,385,5d5fff004c4a
2695,179,32,459,2e3d1aed29fe
2696,179,32,386,308cf9299e76
2697,179,32,424,67e14c00d33a
2698,179,32,421,b199a2143ebe
2699,179,32,383,24b3a6c5eea2
2700,179,9,107,ad2eca3274d9
2701,180,32,380,946de6f3c934
2702,180,32,461,7f316d2fec5b
2703,180,32,401,9908410f7f2f
2704,180,32,447,7e43d8bd940a
2705,180,32,411,2dcc3a09b8a6
2706,180,32,438,5b7c4d69c6ae
2707,180,32,395,1be22145ef7d
2708,180,32,427,28abbc53fcca
2709,180,32,413,e3f5cdfcf98b
2710,180,32,414,11dd468f8fd0
2711,180,32,426,1cf7aa3cc77a
2712,180,32,411,531ff8235ca6
2713,180,32,423,8381f6207e74
2714,180,32,396,286f88b0de8e
2715,180,9,136,689db3db5003
2716,181,32,397,f7978717e8fe
2717,181,32,431,28baf859f3b7
2718,181,32,429,dd8572cda106
2719,181,32,414,a805a59abad7
2720,181,32,455,d4655e1fea8f
2721,181,32,407,81c056ba3b90
2722,181,32,404,4513d7e62384
2723,181,32,404,e9145c121a6c
2724,181,32,421,25ebb305b785
2725,181,32,434,b01d0717f588
2726,181,32,384,7009c227b48d
2727,181,32,396,f50358dee4a0
2728,181,32,450,d82ea02e3498
2729,181,32,451,8091d4350ca2
2730,181,9,102,8611fdb8c4d6
2731,182,32,411,d4637260be32
2732,182,32,396,0ae2b01d02a6
2733,182,32,445,95673c07fcc8
2734,182,32,442,5f5518d1756e
2735,182,32,441,9de99644873a
2736,182,32,451,43a4773da534
2737,182,32,407,fa9164abe573
2738,182,32,415,8ffd5da02616
2739,182,32,415,2513a0cb82db
2740,182,32,410,b816b697f705
2741,182,32,460,772a6ff4dc00
2742,182,32,369,8a087ee16b6b
2743,182,32,390,e76901b06088
2744,182,32,423,9af38747d007
2745,182,9,104,a2d741e9c965
2746,183,32,420,6fb9e531fba1
2747,183,32,436,253235e28832
2748,183,32,410,35a0170deda2
2749,183,32,435,4fe4e32d927e
2750,183,32,407,837bb744f344
2751,183,32,358,53682ff92396
2752,183,32,423,dbcfa53aa10a
2753,183,32,447,6732eac18126
2754,183,32,440,85037b7f8684
2755,183,32,404,8a754f35492d
2756,183,32,385,e1fb15671a6d
2757,183,32,422,184457c7dae3
2758,183,32,403,1133821eec1b
2759,183,32,473,50b10b3103aa
2760,183,9,116,023ff5abe194
2761,184,32,410,fad5caf95966
2762,184,32,458,2cb6db9ef4e4
2763,184,32,422,a6e5e6f04ffa
2764,184,32,440,93fa337ea546
2765,184,32,408,0677898f2af0
2766,184,32,416,4d47160729de
2767,184,32,410,9b4156ecc4f2
2768,184,32,443,98cf6a05e134
2769,184,32,396,dcfc5004e103
2770,184,32,468,4f6ca4b20340
2771,184,32,356,d7dc40f10305
2772,184,32,414,07aea08a503c
2773,184,32,415,88ad29c3936b
2774,184,32,408,70b00b6def64
2775,184,9,115,c214d80355a9
2776,185,32,406,b5a5a57844f8
2777,185,32,447,9c6ed3eb01e4
2778,185,32,405,7ab0fc7b6f16
2779,185,32,380,a27a0b615c33
2780,185,32,368,8ca74e6ec58a
2781,185,32,444,8d01e7c6cdae
2782,185,32,453,c85440a6face
2783,185,32,400,35beb190ddd9
2784,185,32,420,3febeb08e13d
2785,185,32,420,ead58cf1a88f
2786,185,32,459,1d2988b2a24e
2787,185,32,447,879727d608a1
2788,185,32,410,f10fa8593191
2789,185,32,392,b62fe385032d
2790,185,9,128,e0ea582ef330
2791,186,32,423,4004115a615e
2792,186,32,430,a7d69ee7f66a
2793,186,32,409,7f8be4e2f8c2
2794,186,32,430,c606065c5130
2795,186,32,405,9141b9e416f6
2796,186,32,388,ff10968da15c
2797,186,32,431,8376af949170
2798,186,32,387,b1c75bb1b88d
2799,186,32,418,471c909f79ee
2800,186,32,381,4d55a3fc6ae7
2801,186,32,455,82bd0c946105
2802,186,32,447,29b58b4f0e4d
2803,186,32,411,08a5f8ee6fda
2804,186,32,434,ac64314e09c7
2805,186,9,130,c25a0d0a199d
2806,187,32,357,fa967520b94a
2807,187,32,429,57c8dec0cb7a
2808,187,32,456,c657a5b74764
2809,187,32,405,f4bb96168551
2810,187,32,419,3fa49e6afbf6
2811,187,32,372,f073a15d025f
2812,187,32,432,e7b01f54ee71
2813,187,32,455,b36d169ce161
2814,187,32,424,fc7f5c558d51
2815,187,32,420,e3af220ce2ca
2816,187,32,400,a5f3b98c1f53
2817,187,32,437,75acdc988762
2818,187,32,407,6e47decb1869
2819,187,32,443,a32cc870243d
2820,187,9,123,19f3540ab118
2821,188,32,446,344ccc58ca15
2822,188,32,401,429b791e1797
2823,188,32,384,be925ddd3099
2824,188,32,411,d7a6ad82da96
2825,188,32,431,53f13f80d376
2826,188,32,412,862f01477591
2827,188,32,392,2169d14eb731
2828,188,32,414,19b3a1f11528
2829,188,32,440,aa2a35fce4fa
2830,188,32,419,cd0a3465f8b3
2831,188,32,443,a25f2d035b8e
2832,188,32,430,f333262ad7c7
2833,188,32,402,7246a2521e7c
2834,188,32,444,202eb01d12a3
2835,188,9,110,001b5c215d2d
2836,189,32,441,fb70e11582df
2837,189,32,434,a6d92e6d7991
2838,189,32,383,e7e71b76ac36
2839,189,32,473,a94bfae936d9
2840,189,32,456,165a403a9beb
2841,189,32,401,e4122d482ac3
2842,189,32,422,7060191bca49
2843,189,32,419,578e2bd27a5b
2844,189,32,377,a04a561d5c09
2845,189,32,394,69790e2d3464
2846,189,32,430,f77f9d8a241a
2847,189,32,411,caa48715ff4d
2848,189,32,420,6abca29eef1c
2849,189,32,411,3db7809b640b
2850,189,9,107,19327a39d56c
2851,190,32,455,f73e137faede
2852,190,32,416,4ab77459ca97
2853,190,32,445,19bbeb294f46
2854,190,32,395,c98f3c928581
2855,190,32,417,9637d4ad29f9
2856,190,32,433,06cd5301c916
2857,190,32,408,db026d4849b2
2858,190,32,414,4f6ddab235f3
2859,190,32,407,fedf1c2edd35
2860,190,32,393,4e0c6f124298
2861,190,32,429,859126326f9e
2862,190,32,418,a85549b87aa5
2863,190,32,431,daa690b69a38
2864,190,32,412,633e7f57ee54
2865,190,9,106,aec5d5cea650
2866,191,32,391,305ac82e45e7
2867,191,32,434,9263f60ddc91
2868,191,32,389,b4c2f10d87d2
2869,191,32,428,89fffd7aedd8
2870,191,32,472,bd521d66aef9
2871,191,32,394,b50b7ce2bc17
2872,191,32,429,8029c915d6d5
2873,191,32,453,71bd5413dcd2
2874,191,32,400,02b445aa00a3
2875,191,32,412,6e670c6e3f86
2876,191,32,421,bc713d4a2f00
2877,191,32,415,341a7f3de3fc
2878,191,32,416,f6d7f0017106
2879,191,32,403,7910b1d0570a
2880,191,9,122,06905662a362
2881,192,32,440,f1bbeea0ea1c
2882,192,32,407,c0e745043170
2883,192,32,425,582ef9a00b26
2884,192,32,397,faec41b7a580
2885,192,32,439,df97a5973ef9
2886,192,32,395,be503a87003f
2887,192,32,420,5ba0c1d91d6e
2888,192,32,428,1b5091340cbc
2889,192,32,433,55faab7a1512
2890,192,32,425,55b892b60531
2891,192,32,436,c27014bc84b6
2892,192,32,400,4b4c5c04ce6b
2893,192,32,436,229f58725585
2894,192,32,379,0ec0be006159
2895,192,9,119,018b740a8921
2896,193,32,411,c19f8dce85b5
2897,193,32,439,f89a57831db0
2898,193,32,437,5cba45cad59b
2899,193,32,362,e8fbac9dbfdb
2900,193,32,447,cc961f363818
2901,193,32,420,734b55b4eecc
2902,193,32,445,c4fc8b21586f
2903,193,32,413,a48f3510bd4e
2904,193,32,413,9ebd5eabc759
2905,193,32,388,bb0ef8dd187f
2906,193,32,441,b9e149d6e50f
2907,193,32,438,a7da9df19f10
2908,193,32,414,508f1bd48323
2909,193,32,408,d982c8c78167
2910,193,9,103,52ddb84f4a3c
2911,194,32,448,65d2473492a2
2912,194,32,392,bdcb89ec5f08
2913,194,32,366,3b100f101cd5
2914,194,32,387,6d688d08d901
2915,194,32,448,071cb488b1d3
2916,194,32,431,d0e22ddcf593
2917,194,32,429,836543b2f841
2918,194,32,440,ef1545ab5a71
2919,194,32,412,0597790fafb1
2920,194,32,426,1031aa7123b0
2921,194,32,397,0967dfd9e4ff
2922,194,32,429,9b29a36a88ab
2923,194,32,435,8fae2c535f44
2924,194,32,420,87a487fe4d3e
2925,194,9,119,de393f3b76f1
2926,195,32,377,6367f79b7b5a
2927,195,32,404,e479eca6b62e
2928,195,32,445,89ada8002bf7
2929,195,32,430,7af0be239b47
2930,195,32,463,8d25dd86abbf
2931,195,32,397,d72bd1aefa5b
2932,195,32,433,db833bdbba60
2933,195,32,425,acebc80fdfc2
2934,195,32,419,55f48bdadebe
2935,195,32,410,193f0cb0b3ec
2936,195,32,413,170c54cb0472
2937,195,32,382,3def42546df2
2938,195,32,421,11c6a4d593e0
2939,195,32,427,80d3e74d6831
2940,195,9,133,ccd03ea72b19
2941,196,32,403,ba880647c305
2942,196,32,404,519f4fc8501f
2943,196,32,407,bf3c957bf575
2944,196,32,402,e862bbe1b81b
2945,196,32,398,3af10dfdc66e
2946,196,32,438,16d5172c7174
2947,196,32,424,8262d80d467b
2948,196,32,426,4d68050adb27
2949,196,32,422,53fef6b2ce39
2950,196,32,419,459933c9bdf2
2951,196,32,355,1c92486d5d93
2952,196,32,420,94a408acf025
2953,196,32,460,f1c65ea16e2e
2954,196,32,473,decb41dbedc0
2955,196,9,128,4c5b7629c652
2956,197,32,420,b526618d8f2b
2957,197,32,370,9389f4ffd5b7
2958,197,32,460,7f020e569e81
2959,197,32,422,84ae3367801f
2960,197,32,418,79f9a6ca0c2a
2961,197,32,410,9b6912a1b92b
2962,197,32,414,7a786ca7f547
2963,197,32,464,3845aa71f3ef
2964,197,32,402,87326110c019
2965,197,32,443,bbe97e0681c6
2966,197,32,403,2226df8a6d15
2967,197,32,434,a2a1ca6a1ef7
2968,197,32,412,89d6fbe35a29
2969,197,32,413,5e84fbb6b654
2970,197,9,94,0379ffda6c6e
2971,198,32,419,dc7cf5a8580b
2972,198,32,440,5a6028d28806
2973,198,32,421,73900bbf5124
2974,198,32,417,45fba61c64ea
2975,198,32,380,4b137d40a940
2976,198,32,428,b365ca406a57
2977,198,32,446,91485661f52a
2978,198,32,416,693fa3bc570c
2979,198,32,435,00bc2218b44f
2980,198,32,394,387cef7496aa
2981,198,32,381,10c77d1990f6
2982,198,32,460,cdadfec39616
2983,198,32,448,bea35f1c0414
2984,198,32,381,bf6a0a748138
2985,198,9,113,dc40e319b0a8
2986,199,32,410,f9ff83db03d9
2987,199,32,418,1a4e83c08fc4
2988,199,32,440,bd0082afa52b
2989,199,32,396,ae6ed4e02f4c
2990,199,32,416,e1805f7bc68d
2991,199,32,438,5f59161edf91
2992,199,32,398,61bd02a1f2a6
2993,199,32,391,6afe71476d4e
2994,199,32,467,84751e0095e8
2995,199,32,404,ca81250e7739
2996,199,32,422,4760b1a86922
2997,199,32,419,d5d9e83a5ef5
2998,199,32,439,8432ce7f273e
2999,199,32,405,5a385927bdc4
3000,199,9,116,5cf27c8f853e
3001,200,32,408,6ea01503b380
3002,200,32,443,a6743ce7703a
3003,200,32,442,87c39829969f
3004,200,32,396,3f13e5987b6b
3005,200,32,394,cfc0449421a5
3006,200,32,420,5d29383c3951
3007,200,32,430,96bf2c2716b5
3008,200,32,428,a5f18988eda0
3009,200,32,383,53d6bfca2409
3010,200,32,419,aa8e5b6676fd
3011,200,32,442,4f5baf96db8b
3012,200,32,423,627aea492f08
3013,200,32,386,0067899b9273
3014,200,32,445,eb6f144f3c89
3015,200,9,120,099f440ae5ef
3016,201,32,426,c6208f898413
3017,201,32,381,6c537fdb046a
3018,201,32,409,c9e444549d19
3019,201,32,426,80eea422d18a
3020,201,32,434,7ba3cda12fb6
3021,201,32,399,3838ee0cf39d
3022,201,32,478,2d285502073c
3023,201,32,432,2cdb2fe6a93f
3024,201,32,415,deeee673d0b2
3025,201,32,391,2045958bf9f2
3026,201,32,437,fd7930182a8e
3027,201,32,421,613697439ed2
3028,201,32,410,bde78b83ca0b
3029,201,32,401,a0db3f8cd9f2
3030,201,9,119,06e733aa27d3
3031,202,32,439,f3c9033b97ef
3032,202,32,420,12ef12e6b31e
3033,202,32,452,94acba651023
3034,202,32,419,baad0ea40902
3035,202,32,408,f2eb73829f61
3036,202,32,413,da71e3a9dafe
3037,202,32,401,0c9781d8e97a
3038,202,32,411,91a258d83abc
3039,202,32,408,37c6e26126e4
3040,202,32,412,63eb9b297f76
3041,202,32,422,73b703359e94
3042,202,32,413,841e1fcec1f3
3043,202,32,424,e095de69551d
3044,202,32,409,fb654aa1f9bc
3045,202,9,128,138ff4d8e7b5
3046,203,32,429,6a3ff7faec8a
3047,203,32,422,f1f4891f8859
3048,203,32,388,8406e884a92e
3049,203,32,388,a5484aa1304c
3050,203,32,396,fdf7b035120a
3051,203,32,443,cd2416489ac1
3052,203,32,415,f6452e63e249
3053,203,32,430,331a5a42e0c5
3054,203,32,464,b2063964ad6d
3055,203,32,442,fe652fab06b5
3056,203,32,385,03830060d26c
3057,203,32,406,481803581bcb
3058,203,32,403,655a59337124
3059,203,32,441,57795c3aee29
3060,203,9,127,452a990cc40d
3061,204,32,446,be95a9857ed5
3062,204,32,383,924b55ff7525
3063,204,32,397,2ed7a52b6628
3064,204,32,428,abf93428041e
3065,204,32,455,6963a3cdd9f5
3066,204,32,420,bb9569dc56ab
3067,204,32,422,02bd5189d201
3068,204,32,425,7aa55d33c657
3069,204,32,434,c35eca147f84
3070,204,32,406,bde8ec0120ae
3071,204,32,395,345266b5ed1f
3072,204,32,423,197c379c0cf6
3073,204,32,400,bbd852e70199
3074,204,32,431,930694c5d155
3075,204,9,114,495dabb246e3
3076,205,32,417,c5cb411b5387
3077,205,32,446,bf75ae86b765
3078,205,32,403,bf987259ba9e
3079,205,32,440,101bd64a4bd8
3080,205,32,392,098c62f1cf81
3081,205,32,433,68f37556ed5a
3082,205,32,416,3390a42a2c79
3083,205,32,409,60a499e04397
3084,205,32,421,dc1e42afb7e1
3085,205,32,415,b4e1f72f0f36
3086,205,32,403,3514ced2999f
3087,205,32,395,636ff9a8ec1c
3088,205,32,430,757432d0e0e5
3089,205,32,448,9de37c206577
3090,205,9,111,31eae0c9bb1e
3091,206,32,445,41e52c58a07a
3092,206,32,414,539a859a26cf
3093,206,32,455,068c9b9a29ce
3094,206,32,420,1077a3028736
3095,206,32,416,b4203f866c00
3096,206,32,424,1226533557db
3097,206,32,449,a0003b361768
3098,206,32,413,5a21e7d5be08
3099,206,32,396,8eb92e83eed2
3100,206,32,444,3876d9cf2700
3101,206,32,369,0abde1fab6e8
3102,206,32,426,56381cfe3802
3103,206,32,398,69ad049ccccc
3104,206,32,400,3f40603a86ce
3105,206,9,110,83a9cf3cce82
3106,207,32,434,95a1157e2e2d
3107,207,32,409,d8f9e4661235
3108,207,32,410,33699451300e
3109,207,32,448,969d9f7a3e43
3110,207,32,405,efda3f549605
3111,207,32,441,8499c1e935e0
3112,207,32,397,be653a3fda92
3113,207,32,417,9eec958ec7c3
3114,207,32,407,993896a25fd4
3115,207,32,385,221d0f188d94
3116,207,32,438,32d83ae43352
3117,207,32,459,b8e612f1deec
3118,207,32,420,9e968c454eff
3119,207,32,378,8e7b333f738e
3120,207,9,131,6c140b9f0c7d
3121,208,32,438,052af91ad64c
3122,208,32,433,dc8ee8b0c269
3123,208,32,417,b266bed942cc
3124,208,32,420,50af09a13bd0
3125,208,32,428,4b6aa3a3297d
3126,208,32,437,4b4700c4dc98
3127,208,32,429,b257523fc69a
3128,208,32,442,b7c78826f8fd
3129,208,32,444,40e3b33b0b94
3130,208,32,413,e054b412365b
3131,208,32,380,58d205fd09a9
3132,208,32,401,61810cd7c707
3133,208,32,393,10b1ef279990
3134,208,32,416,8ec8620df761
3135,208,9,88,dabde6a96df0
3136,209,32,411,31abd8a71507
3137,209,32,403,5a860eb49845
3138,209,32,396,e5232b6737df
3139,209,32,431,1d1079a2c04c
3140,209,32,458,3ea954ae3ea2
3141,209,32,404,98122e80c091
3142,209,32,422,515e1f838c13
3143,209,32,424,d29734f12210
3144,209,32,451,9c436e77430e
3145,209,32,415,c5f380104da8
3146,209,32,359,60337a1fc002
3147,209,32,424,b0fdda5f668d
3148,209,32,442,0605dc69a7f9
3149,209,32,419,07996f1d739f
3150,209,9,120,9a48d3d09753
3151,210,32,419,1914c21322e6
3152,210,32,423,46820090ff2d
3153,210,32,428,dac10af1e4ff
3154,210,32,429,f9d3bdc8e77f
3155,210,32,446,9ab2f05dafba
3156,210,32,380,496ff3cc4d63
3157,210,32,385,066988f2dc38
3158,210,32,431,b5a71ac689d6
3159,210,32,400,e60696f4e85b
3160,210,32,441,c02d5963d1df
3161,210,32,454,290610d608c9
3162,210,32,424,0b18b7cb77ba
3163,210,32,393,52aa18e766a2
3164,210,32,408,66a1dbe48ada
3165,210,9,118,b6450872f413
3166,211,32,396,f9860b3a2714
3167,211,32,430,60478e49c7b0
3168,211,32,416,b2d83bba94aa
3169,211,32,384,9e15bf897151
3170,211,32,398,d806b2b5842f
3171,211,32,450,62fdf1891d80
3172,211,32,439,2f0117c6cb79
3173,211,32,416,fe96cc6ece72
3174,211,32,445,352fd036ec58
3175,211,32,437,260ecd40f2fa
3176,211,32,410,2ee7fe5a96bc
3177,211,32,369,8c8299d394b5
3178,211,32,444,be4d889d07e4
3179,211,32,427,09072bee459e
3180,211,9,118,a78201b78e08
3181,212,32,437,712682e817df
3182,212,32,440,40064f3c70e5
3183,212,32,421,29f555c79856
3184,212,32,367,5699fb56a69a
3185,212,32,450,915ce73afcda
3186,212,32,430,278203b2adfa
3187,212,32,411,ca193ba09ede
3188,212,32,456,7bd79793b5a0
3189,212,32,386,4dcff02bbc6b
3190,212,32,431,db3a27f1397f
3191,212,32,428,e4a5ee659cf0
3192,212,32,403,cdab1ec820e1
3193,212,32,393,ad703e6f3e8d
3194,212,32,409,fd9e2708a8cc
3195,212,9,117,7e23a3739743
3196,213,32,429,a522124a1c7f
3197,213,32,430,4ddb2dd7c034
3198,213,32,391,43d0c64daa56
3199,213,32,438,afbe8bd474b8
3200,213,32,411,1bf9f00d4d4c
3201,213,32,398,1269785b84a6
3202,213,32,456,40194c00faa8
3203,213,32,436,78e7df4988c0
3204,213,32,427,846ff098fdd4
3205,213,32,412,79cbb8e27576
3206,213,32,396,783bef12f773
3207,213,32,373,0aacaf948ae3
3208,213,32,430,18acd4900a30
3209,213,32,448,570e15348302
3210,213,9,104,08a9da54d479
3211,214,32,416,95e1ed19b276
3212,214,32,401,f78efc9866db
3213,214,32,367,20965b618f6d
3214,214,32,429,eb58272b2fc8
3215,214,32,453,cabc40f2ca9d
3216,214,32,426,b756ccbe7518
3217,214,32,386,8e92c1978179
3218,214,32,418,7ea680bb8f5a
3219,214,32,470,5f1fbfcf50fb
3220,214,32,368,1b508d3b6831
3221,214,32,449,16c365dbe4cf
3222,214,32,428,24a3404468c0
3223,214,32,419,28d0492d2722
3224,214,32,423,d7913b71bb1d
3225,214,9,126,b30dd622e6b4
3226,215,32,420,3d0d01c5a129
3227,215,32,436,1f6734a5f77f
3228,215,32,438,b20492317ef4
3229,215,32,402,62edd4f3008a
3230,215,32,395,ccdaa30b9de6
3231,215,32,442,a42de832ce9f
3232,215,32,435,623c112f180a
3233,215,32,394,64332afed7c7
3234,215,32,434,af5d5350be63
3235,215,32,446,9ec020650ced
3236,215,32,372,9087717fce0b
3237,215,32,414,246546aa5ca5
3238,215,32,389,f2a5fe490311
3239,215,32,440,e3a9ec6cf527
3240,215,9,122,14a2fb811e5e
3241,216,32,425,9f10a677cd0f
3242,216,32,451,88dc644275c4
3243,216,32,440,1f9c4c7b42e5
3244,216,32,426,5457f2ca5415
3245,216,32,430,744db413b701
3246,216,32,427,51167127d131
3247,216,32,430,852a7672bbb5
3248,216,32,394,ea6d13e6a11f
3249,216,32,415,076a9e40e110
3250,216,32,410,d65fbed7d74a
3251,216,32,428,15d0c3a6e7e1
3252,216,32,400,383d5ab70e79
3253,216,32,394,1578b3a33d6f
3254,216,32,401,999457199109
3255,216,9,108,ff4018fe052c
3256,217,32,410,d3d88d185394
3257,217,32,435,ea4c95927c82
3258,217,32,461,0f80e2c2ac9f
3259,217,32,399,6310f2614486
3260,217,32,400,7c37d3b6b620
3261,217,32,429,982668e45152
3262,217,32,428,045dd9f7e0ab
3263,217,32,407,23427014be2f
3264,217,32,407,db7aac7d4b3c
3265,217,32,395,a911724fae7e
3266,217,32,442,36c85a7e6454
3267,217,32,396,2a3e8f25ea0b
3268,217,32,477,7b18cb395266
3269,217,32,401,f439101833d0
3270,217,9,92,ae96bec03010
3271,218,32,444,259acabcab55
3272,218,32,412,a0a957cc4c2c
3273,218,32,417,ef7a4c7021bf
3274,218,32,436,d4cd1414201c
3275,218,32,474,e9fbab1884b4
3276,218,32,451,7ce6ee1a5df2
3277,218,32,417,a90438327892
3278,218,32,402,a5e7a0133294
3279,218,32,383,5eb16a5b3144
3280,218,32,402,7c8e230f4baa
3281,218,32,419,7c9acf5cd1df
3282,218,32,395,28b300bab380
3283,218,32,403,9974166bcfc8
3284,218,32,411,bec39938da9b
3285,218,9,113,31d237af49ec
3286,219,32,418,1697d3456489
3287,219,32,433,1f4ec86ebd78
3288,219,32,425,7eef64a6756f
3289,219,32,414,d3758db6a2c7
3290,219,32,418,84065d66f07c
3291,219,32,383,d293125facd3
3292,219,32,433,b4a3340b9c48
3293,219,32,408,9c0febb66d96
3294,219,32,419,10c32cb6810a
3295,219,32,390,ccc7666a58aa
3296,219,32,403,52b9d85c9433
3297,219,32,424,112970dd2622
3298,219,32,435,d6e35e71d678
3299,219,32,450,a03436bab889
3300,219,9,126,7b2ea364626e
3301,220,32,391,f5dba8d8db77
3302,220,32,402,73ed9d296c16
3303,220,32,404,86d41f58b7b8
3304,220,32,426,78c29829611d
3305,220,32,425,88a1c2fb10aa
3306,220,32,449,cc48c894cd25
3307,220,32,427,3e96ad6d4628
3308,220,32,397,6797b37b476b
3309,220,32,415,176c4e61d9a6
3310,220,32,422,e996ab6a2130
3311,220,32,395,b8941b0aacf3
3312,220,32,450,95c27071eadf
3313,220,32,444,9d507dd3dd93
3314,220,32,417,06c3f57c7070
3315,220,9,115,031b32756871
3316,221,32,413,9432489f9837
3317,221,32,424,ecef903db475
3318,221,32,402,c775dc130637
3319,221,32,448,742aad8be55c
3320,221,32,434,5eb7f5f5b8cc
3321,221,32,410,f65747b61e42
3322,221,32,428,018552930abd
3323,221,32,365,a2c2a94181a3
3324,221,32,449,42b97873de7f
3325,221,32,442,5775d47bbf6d
3326,221,32,365,3610b94710e2
3327,221,32,414,f3753366095a
3328,221,32,447,cb40612e4760
3329,221,32,432,2c5b475f5cd6
3330,221,9,106,a6a06d5db319
3331,222,32,412,956781157ad4
3332,222,32,410,1d8b3cb0f6cd
3333,222,32,462,487759bb03c3
3334,222,32,434,bfe2e2f5ccc8
3335,222,32,479,f4697d72251b
3336,222,32,406,be92799991aa
3337,222,32,422,c34df1b7b135
3338,222,32,422,f5607907b791
3339,222,32,408,128e16b0010e
3340,222,32,433,18ddac0f5618
3341,222,32,366,c5cba49c909f
3342,222,32,402,c6abaf1ce2d0
3343,222,32,410,5be567376390
3344,222,32,422,4aa9861c7842
3345,222,9,91,a0539a3cd29e
3346,223,32,443,bba294612126
3347,223,32,427,5e1af042c70f
3348,223,32,414,27e010f98958
3349,223,32,413,25370c1bf5de
3350,223,32,432,8c862330509d
3351,223,32,363,ffecb4df0488
3352,223,32,423,4008a47f42ec
3353,223,32,392,5d3d967163d9
3354,223,32,438,5a2abb6414de
3355,223,32,411,9631f07cc6dc
3356,223,32,409,8aba056f79f6
3357,223,32,434,0d10f082af88
3358,223,32,397,eb3b917fdc35
3359,223,32,471,3d967b869a4c
3360,223,9,112,e5143b675f5c
3361,224,32,416,142ed5aa1972
3362,224,32,406,efcfc4a6692d
3363,224,32,441,fc8bc576eb78
3364,224,32,436,161742ae96cf
3365,224,32,415,ca50e17fbcbe
3366,224,32,418,9166514b37bc
3367,224,32,403,e0464741bc6d
3368,224,32,429,7d29f99dbc23
3369,224,32,409,1a815699c6a5
3370,224,32,402,cb20fa925337
3371,224,32,429,34d4270c4b43
3372,224,32,431,5792505c5428
3373,224,32,412,c5e3220550b7
3374,224,32,426,ea8484e31f72
3375,224,9,106,1c421a8b7648
3376,225,32,431,322e48af17ca
3377,225,32,389,ff1cb67fa094
3378,225,32,412,10a7e122079e
3379,225,32,418,608b4969eedf
3380,225,32,401,81de891b9a29
3381,225,32,427,a2decfbeaf41
3382,225,32,459,91f7d3bb8277
3383,225,32,432,fb9f479a1c30
3384,225,32,393,518c3f94d25f
3385,225,32,416,b138c4a602ae
3386,225,32,405,59c1a273bd2e
3387,225,32,414,efb87c02f715
3388,225,32,442,d26070ba0b83
3389,225,32,414,873caa63c929
3390,225,9,126,2e1bdb09ee69
3391,226,32,409,41839cb18b03
3392,226,32,394,7e024a4ba4fb
3393,226,32,421,14b621846314
3394,226,32,422,b7b65a4bb2a7
3395,226,32,436,4a2cf49ac09a
3396,226,32,388,1406e8418043
3397,226,32,440,9f708c09acf5
3398,226,32,411,b4e508d116a2
3399,226,32,424,9844b4d9b264
3400,226,32,448,8dbdcc806e4e
3401,226,32,399,a657b4066298
3402,226,32,433,e9758c73574c
3403,226,32,413,23785d7bd8d3
3404,226,32,427,ee7d5f73a1de
3405,226,9,114,3c5ba317ecdc
3406,227,32,465,e0b3773320e5
3407,227,32,454,70d80231254a
3408,227,32,444,2b8d2a93a758
3409,227,32,405,7c7571e846ef
3410,227,32,406,5955aef0e33b
3411,227,32,433,2b70c6821fc3
3412,227,32,408,be9416cdf81d
3413,227,32,411,3f9de5e9ebaa
3414,227,32,445,1bcb780a24dc
3415,227,32,399,91715bb0fc04
3416,227,32,390,9a842d0994f1
3417,227,32,380,9d7b5b9f0bd9
3418,227,32,448,233c697c7de6
3419,227,32,385,0e8b7d291097
3420,227,9,106,92f0c118851a
3421,228,32,428,389b3dcf0176
3422,228,32,442,29684d645752
3423,228,32,415,4a57c9260265
3424,228,32,415,969edcb390b1
3425,228,32,447,095309f9cad4
3426,228,32,393,f8bd6828cc8a
3427,228,32,424,d3fd8622d6d9
3428,228,32,401,4badc06cf2b0
3429,228,32,414,8f215c017b6a
3430,228,32,416,dfe8da757787
3431,228,32,361,978c20d9d453
3432,228,32,445,2ed5fb7cc196
3433,228,32,416,db2ba187e69d
3434,228,32,455,34c8567df6c4
3435,228,9,107,d0fd5dfd8729
3436,229,32,423,88fe73b5b808
3437,229,32,454,1eac1c81ab6a
3438,229,32,431,6bce36cd80ae
3439,229,32,416,f01052cbaa7e
3440,229,32,451,97a7b6b53c05
3441,229,32,394,9faf5b9bce53
3442,229,32,398,2b326b42dfbc
3443,229,32,434,c573d70b1e29
3444,229,32,391,966316357de8
3445,229,32,383,869b9bde3d37
3446,229,32,423,3a337a312ce7
3447,229,32,429,f7dfc6cf84d6
3448,229,32,428,34ff797df418
3449,229,32,415,f8bd1b785073
3450,229,9,109,a1d9f14be3d9
3451,230,32,406,6ef5b69336f5
3452,230,32,437,b3d26f56cc0e
3453,230,32,424,10f5d27b51f6
3454,230,32,422,6f479b62df22
3455,230,32,388,ecdd95e69f36
3456,230,32,423,1d31f460af32
3457,230,32,414,d72e47a0e9bf
3458,230,32,387,cda990f3cc83
3459,230,32,414,99f144daafc5
3460,230,32,435,8d5278aa1949
3461,230,32,402,443d58ec6b53
3462,230,32,438,f6e20db6c15e
3463,230,32,433,e64a650eefcb
3464,230,32,423,992f22441284
3465,230,9,133,4cd0abb44b98
3466,231,32,410,c010af79f1ba
3467,231,32,393,189109210aa3
3468,231,32,444,a5ee8bf75581
3469,231,32,399,e1dfab6e3c3a
3470,231,32,424,0fca37e784c6
3471,231,32,437,23d05bcfeebe
3472,231,32,424,ad745c2e70f2
3473,231,32,382,767281deeb35
3474,231,32,381,dd8b6a673475
3475,231,32,415,e5aed0a8ad21
3476,231,32,441,5e5276f43ad1
3477,231,32,414,1def1b69b56d
3478,231,32,429,29ea821bff06
3479,231,32,450,763bc8011aa2
3480,231,9,136,7f6967a537e3
3481,232,32,442,c50954db21dc
3482,232,32,423,b094615f3e91
3483,232,32,405,a84132105699
3484,232,32,432,70d509600740
3485,232,32,444,1555b4cab960
3486,232,32,417,743cbd3bc988
3487,232,32,406,887d231797bc
3488,232,32,431,26839d007662
3489,232,32,415,94a43c5065fd
3490,232,32,433,caff33bde377
3491,232,32,399,fbcbfed7117d
3492,232,32,392,befcb9ced5d7
3493,232,32,392,ffb17f8c7558
3494,232,32,438,0d60a8c241b6
3495,232,9,110,f707e03979a8
3496,233,32,424,3f30efe99c4f
3497,233,32,387,07fc718ed52e
3498,233,32,433,2035a0998490
3499,233,32,412,d33deb1f0c45
3500,233,32,397,814229a57fee
3501,233,32,426,fae63467cde3
3502,233,32,402,5eb21ea1b4c2
3503,233,32,455,1272dd526c6f
3504,233,32,397,55239ebd4017
3505,233,32,452,1de4a1cd47c9
3506,233,32,426,18613b6e2e42
3507,233,32,423,acfc4f5a15dd
3508,233,32,418,7abbf08aca29
3509,233,32,431,d11cafd5402f
3510,233,9,96,82d17feb514e
3511,234,32,395,78cd015e696c
3512,234,32,436,0dc81beb0144
3513,234,32,399,3cc08596ad48
3514,234,32,429,79ed40e01f01
3515,234,32,447,a7a39766cc7f
3516,234,32,412,153add1a1cdc
3517,234,32,410,0bd6fe5b233d
3518,234,32,413,accb15fa8ba3
3519,234,32,439,858a7b7583bf
3520,234,32,379,1b829db6bf4b
3521,234,32,419,e1e504d30027
3522,234,32,398,f74d78ca914e
3523,234,32,432,f76bfc5c859b
3524,234,32,450,03517e4507f7
3525,234,9,121,7db0bb04b461
3526,235,32,443,053102ca68dd
3527,235,32,419,29c84bb57947
3528,235,32,381,91ae0451fb3f
3529,235,32,403,557f8187c4aa
3530,235,32,363,190bd2bf9bc5
3531,235,32,415,2d74963beb0b
3532,235,32,440,3a0bf994f16a
3533,235,32,460,96c8e24e6cd8
3534,235,32,449,7aa0100c73e9
3535,235,32,430,b612fc57f628
3536,235,32,410,190c08710e5e
3537,235,32,416,5b186b6b1980
3538,235,32,421,86ada6cfdef6
3539,235,32,400,0d6c776ce69f
3540,235,9,129,4a49b5bcca38
3541,236,32,431,6b5e52987977
3542,236,32,427,df99e4babebb
3543,236,32,421,379b7c53856b
3544,236,32,402,ad2d98bab52a
3545,236,32,409,9eabf107890e
3546,236,32,438,02bb4e67ce66
3547,236,32,369,a9d6a7b72a15
3548,236,32,372,cb1d9b6d3699
3549,236,32,425,d7a1b76a1a22
3550,236,32,387,0c1238fade30
3551,236,32,413,867908775dae
3552,236,32,480,275e66f4fa6a
3553,236,32,442,c1055c91a94e
3554,236,32,436,3fe28c52f928
3555,236,9,127,b69317ed0626
3556,237,32,402,ab9de19ae376
3557,237,32,435,e71fd791136d
3558,237,32,444,a9e406f5fa5f
3559,237,32,390,4a6fb30c79d2
3560,237,32,367,f9e63d04dedc
3561,237,32,423,8b0bea4b0351
3562,237,32,446,dab6297f9aca
3563,237,32,396,01eb68d5075c
3564,237,32,438,68dc4d398ef0
3565,237,32,426,062f8068ab73
3566,237,32,435,b24530724584
3567,237,32,423,984d6a91f123
3568,237,32,414,fcc09d6147b4
3569,237,32,441,689664a0b7cf
3570,237,9,99,d768b0618b26
3571,238,32,424,cddd48f10d34
3572,238,32,430,58cb24a9cd4f
3573,238,32,429,9cf4b9aaa254
3574,238,32,391,4f8861d0ef49
3575,238,32,423,b41a3cf9202b
3576,238,32,430,3b9582301171
3577,238,32,411,ae97fb6ede24
3578,238,32,396,0284f45c594e
3579,238,32,418,ede7e096391e
3580,238,32,432,9830ee220cea
3581,238,32,373,6349d41057bc
3582,238,32,451,41dc7fecf0e3
3583,238,32,443,bd37389d39b9
3584,238,32,398,f5e60e7060b8
3585,238,9,130,1bedbf97d782
3586,239,32,426,5d279238bfdd
3587,239,32,433,c107a39e6b9c
3588,239,32,423,9a9dd817267b
3589,239,32,427,75dbacd5439b
3590,239,32,378,2640477f3793
3591,239,32,391,c0ac5c9cf6e6
3592,239,32,437,d05d691f3cea
3593,239,32,386,479d9057911b
3594,239,32,416,e023bc68de60
3595,239,32,480,a62b65bcdd0b
3596,239,32,420,c47ac93cc063
3597,239,32,421,d7c476865467
3598,239,32,404,916e020e105e
3599,239,32,411,5f78aee6bcf6
3600,239,9,126,0e9e7e26b35e
3601,240,32,444,cc5825314884
3602,240,32,410,d4503fa27b78
3603,240,32,420,935ee20f7aea
3604,240,32,400,4d019cab21e5
3605,240,32,442,f5eeeb704d28
3606,240,32,461,5331dce0f913
3607,240,32,395,6d67ae86fcad
3608,240,32,462,47fbcc463216
3609,240,32,410,a82036c276d8
3610,240,32,415,892eef1d520b
3611,240,32,423,82347fac01aa
3612,240,32,400,9959100ead36
3613,240,32,385,8335530d8422
3614,240,32,381,210b5d0e0071
3615,240,9,131,3522b6783e91
3616,241,32,482,1c60b7b8d398
3617,241,32,379,803682c5efd2
3618,241,32,423,c17c1449cc72
3619,241,32,436,ad1c628eed8b
3620,241,32,426,ec061a53582b
3621,241,32,443,c9e448368ebb
3622,241,32,426,116da8cee7d6
3623,241,32,399,eaa9592ca932
3624,241,32,388,0f7422476236
3625,241,32,412,1d3131fcc4b9
3626,241,32,445,507c8c167a2a
3627,241,32,414,b430098ace3c
3628,241,32,394,1e37a382db02
3629,241,32,389,ab479ce2b924
3630,241,9,123,6ebc0fd152a7
3631,242,32,437,7ff86cd8833c
3632,242,32,426,d10ad4dd6f16
3633,242,32,434,e67a077b919e
3634,242,32,401,f43c5592d18e
3635,242,32,406,fb545bd5a127
3636,242,32,427,2b5d7516ea09
3637,242,32,428,5146e061ad82
3638,242,32,421,876cd3ef6fc3
3639,242,32,453,744bb85e1e58
3640,242,32,389,7492343b699d
3641,242,32,406,100a50cd776e
3642,242,32,436,f5d8b4dd30d5
3643,242,32,406,688082db849f
3644,242,32,409,cca6c4e9bd55
3645,242,9,100,317c8b769ff9
3646,243,32,398,157752c46402
3647,243,32,394,e99dac8bb59a
3648,243,32,439,648d2e706fe7
3649,243,32,419,474350de1dd3
3650,243,32,389,eef90d91a77c
3651,243,32,400,4fb734a5d4e5
3652,243,32,403,78057f9024da
3653,243,32,442,12ec4a57904a
3654,243,32,485,723141e357f5
3655,243,32,426,a5abce589d5c
3656,243,32,403,88afe75224a8
3657,243,32,452,49a5e2064a39
3658,243,32,418,630a6e18e76c
3659,243,32,392,836c037d40b2
3660,243,9,119,3d522d1af2af
3661,244,32,418,8102fb7f2504
3662,244,32,443,c5feb84ece7f
3663,244,32,439,1cd1665d799d
3664,244,32,429,c10d1f0fb5a5
3665,244,32,409,e1b4328413e0
3666,244,32,449,e15648f871ce
3667,244,32,422,0b36ecb8f6a0
3668,244,32,401,4400f7292c9b
3669,244,32,383,c73fcda87142
3670,244,32,419,41fd623d07a1
3671,244,32,387,b52b152fb1da
3672,244,32,430,8b73110013c0
3673,244,32,416,407ca9388514
3674,244,32,418,4fcca8c9203b
3675,244,9,116,14798d4a449c
3676,245,32,415,ec13c0756950
3677,245,32,425,66f2629cff24
3678,245,32,414,290717565525
3679,245,32,373,6fac7617b189
3680,245,32,461,16dc13497404
3681,245,32,386,b7eb2d4381ae
3682,245,32,428,0534893ab6a8
3683,245,32,405,18797446b445
3684,245,32,418,959eee2397ed
3685,245,32,434,437c2f04e60e
3686,245,32,418,c13e7ae5440b
3687,245,32,415,0adaf686138f
3688,245,32,438,eb4992fba3b5
3689,245,32,423,f49838370e7c
3690,245,9,126,540046c16b09
3691,246,32,428,cb7dffed597b
3692,246,32,342,46609f8be0b1
3693,246,32,478,ba380e88b3b7
3694,246,32,423,90ff5b6dc3c2
3695,246,32,402,f753f34571af
3696,246,32,383,c845dc7f8066
3697,246,32,455,1b293008be1b
3698,246,32,425,6a4b43959be3
3699,246,32,433,f7b652028e04
3700,246,32,426,9d8909397dde
3701,246,32,406,2f36986a7864
3702,246,32,427,d70aadddc74e
3703,246,32,429,8a8e285d8403
3704,246,32,401,997efa325927
3705,246,9,121,d98e7ab3a26b
3706,247,32,384,39a31bffcf07
3707,247,32,414,8e802b889076
3708,247,32,384,0a07dcae1c01
3709,247,32,442,9a22dfdc28a4
3710,247,32,398,be3fafbde0eb
3711,247,32,442,553ed8722ee6
3712,247,32,404,4df464efb6c1
3713,247,32,447,f2ec4f74272a
3714,247,32,436,cd03760209f2
3715,247,32,402,acc7445840d4
3716,247,32,406,b704d62d17e8
3717,247,32,427,077ad8ce58a9
3718,247,32,427,3edc385637da
3719,247,32,433,1e836e81cced
3720,247,9,133,6c5b2c904bb6
3721,248,32,462,546215cec570
3722,248,32,411,5c5b01d444c4
3723,248,32,406,9392f12c9b42
3724,248,32,435,36e9a80036bb
3725,248,32,425,85f9f72f5a57
3726,248,32,410,a43454610393
3727,248,32,430,29ceb650d704
3728,248,32,409,367f4799e4df
3729,248,32,399,8f0419991e7f
3730,248,32,424,5320025974dd
3731,248,32,455,a72b7bc875a8
3732,248,32,396,d176c5facffc
3733,248,32,409,1cd69b3b6d53
3734,248,32,378,fdab36cd1a05
3735,248,9,130,93535a60c71b
3736,249,32,416,6819a449ede5
3737,249,32,456,f5e1b67049ab
3738,249,32,409,2b2e10ad0dd7
3739,249,32,416,fde0730a1111
3740,249,32,456,920ca2c92a6d
3741,249,32,433,4e9b62af6384
3742,249,32,386,791ad89b5e9a
3743,249,32,440,abc22c13b37b
3744,249,32,402,9c9f1d95e0c2
3745,249,32,434,81b311240af9
3746,249,32,409,44c40874c3d3
3747,249,32,391,3b1eb44d873d
3748,249,32,390,ec1cdf2401fc
3749,249,32,403,c26889c90f89
3750,249,9,138,b231ab8fa75c
3751,250,32,427,09e799ca6242
3752,250,32,428,d13a998b4fbe
3753,250,32,443,d31c301a2e79
3754,250,32,416,635d43121272
3755,250,32,392,5747f765e562
3756,250,32,392,5f8166492851
3757,250,32,409,0ec40de1997a
3758,250,32,407,a169bdda0e38
3759,250,32,462,4ed1549413fd
3760,250,32,417,1a3385fb0d0e
3761,250,32,438,c0f8c313d5e0
3762,250,32,429,b9391acd6aeb
3763,250,32,409,f822638c8a25
3764,250,32,380,55767f851e77
3765,250,9,130,37de2a0b6a27
3766,251,32,425,9575aaa29dec
3767,251,32,422,01f12419ecb5
3768,251,32,401,6e36be43bee0
3769,251,32,386,c96e57a07dd5
3770,251,32,463,73b4805f8ad0
3771,251,32,387,826f0955e8ba
3772,251,32,400,572d7de4493e
3773,251,32,403,455ce7994ae7
3774,251,32,397,015395422996
3775,251,32,443,d07e34c7c691
3776,251,32,445,5cdfdf1e91bf
3777,251,32,448,a4d23e9d5240
3778,251,32,411,1d09ae157790
3779,251,32,409,0b4661f9ec55
3780,251,9,139,6c198675049d
3781,252,32,441,40301fedc567
3782,252,32,400,0d1cb54078a0
3783,252,32,419,92b17b0ceba6
3784,252,32,410,d2ff62564cd2
3785,252,32,429,872f2c837909
3786,252,32,402,5b63111bc6b5
3787,252,32,428,4fc1ba3ab601
3788,252,32,403,f9f5bfb61e48
3789,252,32,430,4f8dbef3a41e
3790,252,32,413,818138acd917
3791,252,32,430,b72e013f4d81
3792,252,32,396,faf0f580abfd
3793,252,32,414,a22055f9d379
3794,252,32,448,9f4599955ef2
3795,252,9,116,1df30ef84c53
3796,253,32,405,9fdd63cf60f3
3797,253,32,427,2d018ca3c85b
3798,253,32,439,f7bb435147e3
3799,253,32,426,7aeb94be2124
3800,253,32,413,acb2dd1726ab
3801,253,32,404,fc603a75c9fd
3802,253,32,420,5d38f0f79567
3803,253,32,403,f1e8d46136e0
3804,253,32,445,b6aa49c1dc34
3805,253,32,428,932c806bff39
3806,253,32,396,d60d0a6950a3
3807,253,32,447,43d48918ee8a
3808,253,32,376,e21d3f488b6a
3809,253,32,425,a849bed2e4ea
3810,253,9,125,cbf44c5bd644
3811,254,32,394,e7c2a93d374f
3812,254,32,474,d3ddb55c1c53
3813,254,32,424,5018b80b3265
3814,254,32,412,a86256bc54af
3815,254,32,419,8a5f03af4652
3816,254,32,427,3cddd4bd7d00
3817,254,32,395,d5042fc6b269
3818,254,32,411,9c5449a90abe
3819,254,32,423,7e1e1388ef9d
3820,254,32,434,7ad77844f3b9
3821,254,32,424,d3790ebd6d08
3822,254,32,449,bc76b325f4a2
3823,254,32,381,724bef8c08db
3824,254,32,408,73c1259e99d8
3825,254,9,104,46e4b539da6b
3826,255,32,428,e39023eb4bdd
3827,255,32,412,61975935e540
3828,255,32,395,d7dc9068fc8d
3829,255,32,433,69a30bc0982d
3830,255,32,373,54d209899758
3831,255,32,386,3bccc5353301
3832,255,32,449,c639cd323a5b
3833,255,32,445,52c8cd05d04f
3834,255,32,429,2d635959c6fc
3835,255,32,403,87b53c86cc36
3836,255,32,427,1dcf03465717
3837,255,32,433,04f77b39e96a
3838,255,32,420,fdd63cb0a406
3839,255,32,429,9280a9ed7889
3840,255,9,117,80fba12de913
3841,256,32,412,241465ad7cad
3842,256,32,406,c9663aa10c25
3843,256,32,467,3565f20378f4
3844,256,32,388,eab9376228c0
3845,256,32,418,97c80ee8be36
3846,256,32,438,2d7fc15d07be
3847,256,32,474,f51be156fe90
3848,256,32,436,b24241cd6d6e
3849,256,32,401,1fcd4d1f87b9
3850,256,32,412,84e4ee76a97a
3851,256,32,401,62f0a7da7bcd
3852,256,32,410,2ac2d7029b1a
3853,256,32,382,2d4270ec512d
3854,256,32,406,0fdd2237b2d6
3855,256,9,128,283c9758a991
3856,257,32,420,9f3a0c194ca3
3857,257,32,428,70e531f47ea9
3858,257,32,416,289c59e41a48
3859,257,32,441,2b9b2e8e90ce
3860,257,32,373,81783ad3aae4
3861,257,32,409,0c3e818507f1
3862,257,32,445,bd134e67431d
3863,257,32,401,062ba58ef24f
3864,257,32,447,6d231d898d33
3865,257,32,423,8e2e4f8635f6
3866,257,32,400,9b1c37e075e9
3867,257,32,398,860e50950514
3868,257,32,431,fb20a486ae05
3869,257,32,442,25ca0e92f0cc
3870,257,9,105,058b37afd6a1
3871,258,32,469,e407aff55261
3872,258,32,387,77dd2465126a
3873,258,32,404,8b153f8a7c50
3874,258,32,416,2fc4fc51cf88
3875,258,32,399,00bdb8936ca4
3876,258,32,461,3f31d8e5cda6
3877,258,32,424,7f74f9dd6249
3878,258,32,383,f646c17c0e23
3879,258,32,449,6fba5a48d8e1
3880,258,32,401,41a2cb52334c
3881,258,32,430,a8c41365c6fd
3882,258,32,395,5630feb8b4cf
3883,258,32,425,62ac8be9917a
3884,258,32,410,b4dd8a36081e
3885,258,9,126,d32584631566
3886,259,32,397,b0e377765103
3887,259,32,414,e0895e5395c6
3888,259,32,428,6c6bf82aec66
3889,259,32,437,ab16b004fce4
3890,259,32,372,5bb75c6d591c
3891,259,32,432,19ab44dbac20
3892,259,32,424,255f8afbc02c
3893,259,32,426,f1d92d600bb6
3894,259,32,418,a73ca2fc9406
3895,259,32,368,50a24bd9b526
3896,259,32,429,7cd41ee0eb36
3897,259,32,450,43d053796b5a
3898,259,32,456,cafa54059fb2
3899,259,32,402,93568351efa3
3900,259,9,126,52926bbc0a24
3901,260,32,403,45b2307383f8
3902,260,32,420,72f4913a3066
3903,260,32,409,bc5ed4a05882
3904,260,32,438,069630d07a1e
3905,260,32,452,e326873e3954
3906,260,32,443,5628fdefc05d
3907,260,32,390,52798e946bff
3908,260,32,402,bddeca03b1eb
3909,260,32,394,72cbcb0d149b
3910,260,32,360,b34adbafc611
3911,260,32,440,dae04c057678
3912,260,32,442,dd0aa21e81d5
3913,260,32,419,4fb6c4bc9f35
3914,260,32,468,50568bf66aa2
3915,260,9,99,ed7a2ba037fd
3916,261,32,427,7a4960414b69
3917,261,32,423,53986634a22b
3918,261,32,440,63085854ed94
3919,261,32,422,ad0486452f2b
3920,261,32,412,39ebeebe7386
3921,261,32,412,338c7f934dea
3922,261,32,425,f88afcdf4769
3923,261,32,422,b9bbc28af9ed
3924,261,32,396,965787c2d6d1
3925,261,32,441,afd139a55e48
3926,261,32,398,23bd286e73f3
3927,261,32,400,2e54f45eac9d
3928,261,32,450,2cbd8c219c27
3929,261,32,407,3cbce504c9b1
3930,261,9,104,ed436e2f5421
3931,262,32,436,af1424ab6115
3932,262,32,406,33980b63b887
3933,262,32,398,56746e5737fa
3934,262,32,413,bc6846890eb7
3935,262,32,426,93f3df4f1916
3936,262,32,386,8141c40317a3
3937,262,32,425,e6fc9846188d
3938,262,32,439,fec6f7bb93d9
3939,262,32,411,b5fd59ec50ba
3940,262,32,432,6e42aa192cc9
3941,262,32,437,a2bb966bac5a
3942,262,32,408,fe3ad97fc84e
3943,262,32,421,18b6cd93916f
3944,262,32,414,21e45c0495c9
3945,262,9,127,773bb0e266a5
3946,263,32,390,8aef6ba38f49
3947,263,32,433,a3bd1643bf1f
3948,263,32,411,4616feb72135
3949,263,32,452,44dae6566613
3950,263,32,407,af0a86b18963
3951,263,32,423,bb6584e39a46
3952,263,32,409,0cf82fe78e3f
3953,263,32,441,79f87e7950b7
3954,263,32,424,7ec4cccc53a0
3955,263,32,411,ff88964492cc
3956,263,32,408,7f0b83561737
3957,263,32,431,4a909761d779
3958,263,32,383,906ed2bbf504
3959,263,32,433,c7b282fd61f9
3960,263,9,123,c95c90625573
3961,264,32,438,4401ddcb66e6
3962,264,32,438,9d52c155ab89
3963,264,32,399,ee691f559c99
3964,264,32,433,90da993f3e3b
3965,264,32,420,6bceb63a48e3
3966,264,32,405,9e7a9485c436
3967,264,32,378,4b83d3a052e6
3968,264,32,439,933a47a5f552
3969,264,32,446,709ff2b27c07
3970,264,32,416,880862e3143f
3971,264,32,420,af0a15d845ab
3972,264,32,419,74153e5b3a81
3973,264,32,376,8479b49a7f58
3974,264,32,436,fab001535e5c
3975,264,9,116,ee6934916625
3976,265,32,423,26716c6e38a8
3977,265,32,442,4453b85106ec
3978,265,32,406,ba6f7a700992
3979,265,32,464,48fdefa35ec6
3980,265,32,388,1acebc31aca5
3981,265,32,345,e4dae4e3aa4f
3982,265,32,449,d41d771c51aa
3983,265,32,438,3ccf76b0cc73
3984,265,32,412,bc9421b337c9
3985,265,32,468,ab94b9e86593
3986,265,32,421,18db5cc1b2d4
3987,265,32,400,824cca00da6a
3988,265,32,420,77d4d7c4310f
3989,265,32,410,011b3bfe6089
3990,265,9,93,7767ee90b03a
3991,266,32,395,3bf8cee01f5a
3992,266,32,412,8e302191d044
3993,266,32,440,458729e89f64
3994,266,32,441,e3c3d73a91d9
3995,266,32,460,e8b74a1bc3f8
3996,266,32,435,05d5ecc8884d
3997,266,32,393,3ae38bd819fa
3998,266,32,417,22cacf085167
3999,266,32,408,d3244c502359
4000,266,32,389,bf4e61d01dcd
4001,266,32,456,669fbb714dbc
4002,266,32,403,fe52da0fc5a0
4003,266,32,398,93bea1bcf7d8
4004,266,32,426,64f9aae00030
4005,266,9,106,1bfbb8bb231a
4006,267,32,411,68eaf0050f46
4007,267,32,431,af0b704759e4
4008,267,32,448,3d9c3df7185c
4009,267,32,395,778919a1c818
4010,267,32,435,380b0d247c65
4011,267,32,428,a4c2e9b8ba38
4012,267,32,415,7fa06a11bcce
4013,267,32,392,dc79a09dcd11
4014,267,32,413,4f6310dc3180
4015,267,32,411,9150f5a01d60
4016,267,32,429,ea090328bcd1
4017,267,32,436,d7a536c88f51
4018,267,32,399,8f02dbc47cec
4019,267,32,427,389721ed5641
4020,267,9,109,1f626c682955
4021,268,32,465,733595be53e9
4022,268,32,446,024d6d29160e
4023,268,32,414,ded5046c8c8c
4024,268,32,416,88513780cd1c
4025,268,32,380,8486a655aff2
4026,268,32,419,8cb493eaca8f
4027,268,32,439,58053c401176
4028,268,32,384,378ee906a36a
4029,268,32,414,c1afa0f8ef61
4030,268,32,397,f16904e1ca62
4031,268,32,422,cdbf58f3750a
4032,268,32,427,ef563307a59d
4033,268,32,427,cfe0562597b5
4034,268,32,410,9231ffb5dbbf
4035,268,9,119,7e68da495d1f
4036,269,32,435,2fc28e0a9265
4037,269,32,438,d59268cf62bd
4038,269,32,416,a1761d93df08
4039,269,32,406,aa522ea2b7cf
4040,269,32,449,33b2ee37d6c5
4041,269,32,416,948e086d80c5
4042,269,32,408,83d76d80f63d
4043,269,32,447,28760f5da2c9
4044,269,32,400,c0b0508b5cde
4045,269,32,400,69ffec94e4bf
4046,269,32,446,6f5e28eb1046
4047,269,32,399,3804bf2d57a9
4048,269,32,402,907947b0b93b
4049,269,32,396,f4d1916be5eb
4050,269,9,121,b109feb8a41f
4051,270,32,423,3dbdc6bd545f
4052,270,32,401,83555c497cd3
4053,270,32,411,718b8dd00bed
4054,270,32,448,85647040c8ee
4055,270,32,430,d221bc3fd440
4056,270,32,417,41fb2eedf0ce
4057,270,32,435,15fa61df40a7
4058,270,32,394,fadbcf577006
4059,270,32,377,9d16642282b9
4060,270,32,420,6f3066e7615c
4061,270,32,460,2fc0141d74f6
4062,270,32,419,11bca2087a87
4063,270,32,417,55a1fc26e8c8
4064,270,32,400,0d863c217d8b
4065,270,9,127,5d57d125f6e7
4066,271,32,414,21c9630e339f
4067,271,32,401,2589cb0c1634
4068,271,32,409,3bdb4e6b1cb9
4069,271,32,393,3ebdc4d44465
4070,271,32,383,f539c39941fa
4071,271,32,456,ffbd76b2d264
4072,271,32,429,ce90bdaaa96a
4073,271,32,424,18e02fa4b4e7
4074,271,32,410,4a8449a31b3d
4075,271,32,427,6559f8882366
4076,271,32,406,9b39980996f2
4077,271,32,447,72e571b430ad
4078,271,32,438,0e86e4bb7482
4079,271,32,441,fd0342905f7b
4080,271,9,101,57fbf3530308
4081,272,32,415,45a3a0e593c0
4082,272,32,442,d331eab703c4
4083,272,32,426,ec4f1324fbf2
4084,272,32,411,915dd2efeeaa
4085,272,32,422,aac575c5c0ab
4086,272,32,420,b4954f863538
4087,272,32,431,ee2f4c007e72
4088,272,32,399,53aaef27bd44
4089,272,32,426,1aa393de9aea
4090,272,32,419,9f27335477a3
4091,272,32,390,935cf8630407
4092,272,32,408,2b99c6213f31
4093,272,32,443,7671fcb6aca4
4094,272,32,428,7b093dfb1e84
4095,272,9,99,705aef997eaa
4096,273,32,394,fc7b3322b2cb
4097,273,32,413,4302a466f990
4098,273,32,432,a2fe6c9c84fc
4099,273,32,409,cab1301eb5af
4100,273,32,408,bc5b98f0638d
